2.544 1.972 0 1 0 0 0 0 1 0 0
3.887 1.663 0 1 0 0 0 0 0 1 0
2.102 2.597 0 1 0 0 0 0 0 1 0
1.468 2.192 0 0 1 0 0 0 1 0 0
4.781 1.375 0 1 0 0 0 0 0 1 0
3.061 2.025 0 1 0 0 0 0 0 1 0
3.109 4.729 1 0 0 0 0 0 0 1 0
3.656 2.63 0 1 0 0 0 1 0 0 0
3.648 3.78 0 1 0 0 0 0 0 1 0
4.038 2.354 0 0 0 1 0 1 0 0 0
3.573 3.542 0 0 0 0 1 0 0 1 0
2.699 1.199 1 0 0 0 0 1 0 0 0
3.925 3.779 0 0 0 0 1 0 0 1 0
3.395 5.21 0 0 1 0 0 0 0 1 0
2.832 3.676 0 0 0 0 1 0 0 1 0
1.824 0.999 1 0 0 0 0 0 0 1 0
3.287 3.061 0 0 0 0 1 0 0 1 0
1.873 1.56 0 0 1 0 0 0 0 1 0
1.837 1.037 1 0 0 0 0 0 0 1 0
3.644 2.677 0 1 0 0 0 1 0 0 0
3.919 3.466 0 0 0 0 1 0 0 1 0
4.113 2.7 0 1 0 0 0 1 0 0 0
3.033 4.384 0 0 0 0 1 0 0 1 0
0.701 1.997 0 0 1 0 0 1 0 0 0
3.331 4.609 0 0 0 0 1 0 0 1 0
1.722 0.869 1 0 0 0 0 0 0 1 0
1.527 1.636 0 0 1 0 0 0 0 1 0
2.024 2.251 0 0 1 0 0 0 0 1 0
2.242 3.036 0 0 1 0 0 0 0 1 0
2.656 2.656 0 1 0 0 0 0 0 1 0
3.649 2.674 0 1 0 0 0 1 0 0 0
3.649 3.887 0 1 0 0 0 0 0 1 0
3.875 4.924 0 0 0 0 1 0 0 1 0
4.443 1.723 0 0 0 0 1 0 1 0 0
4.92 1.417 0 1 0 0 0 0 0 1 0
2.353 1.274 1 0 0 0 0 0 0 1 0
2.837 3.679 0 0 0 0 1 0 0 1 0
3.946 1.107 0 1 0 0 0 0 1 0 0
3.122 1.695 0 1 0 0 0 0 0 1 0
1.83 3.018 0 0 1 0 0 0 0 1 0
2.584 3.649 0 0 0 0 1 0 0 1 0
2.413 0.718 0 0 1 0 0 0 0 1 0
2.883 1.237 1 0 0 0 0 0 0 1 0
3.482 2.295 0 1 0 0 0 0 1 0 0
2.325 4.143 1 0 0 0 0 0 0 1 0
3.336 4.613 0 0 0 0 1 0 0 1 0
2.223 0.58 0 1 0 0 0 0 0 1 0
3.665 4.789 1 0 0 0 0 0 0 1 0
4.232 1.588 0 1 0 0 0 1 0 0 0
1.889 2.462 0 1 0 0 0 1 0 0 0
1.897 1.22 1 0 0 0 0 0 0 1 0
3.044 1.123 0 0 1 0 0 0 0 1 0
2.58 3.654 0 0 0 0 1 0 0 1 0
1.106 1.366 1 0 0 0 0 0 0 1 0
2.235 2.386 0 0 0 0 1 0 0 1 0
4.713 1.302 0 1 0 0 0 0 0 1 0
3.592 4.027 0 0 1 0 0 0 1 0 0
3.585 4.04 0 0 1 0 0 0 1 0 0
3.025 1.201 0 0 1 0 0 0 0 1 0
2.965 1.002 0 0 1 0 0 0 1 0 0
1.706 1.165 1 0 0 0 0 0 0 1 0
2.319 2.405 0 0 0 0 1 0 0 1 0
1.662 1.425 0 0 1 0 0 0 0 1 0
3.39 1.048 0 1 0 0 0 0 1 0 0
2.538 3.314 0 0 1 0 0 0 0 1 0
2.715 2.1 0 1 0 0 0 1 0 0 0
4.383 2.279 0 1 0 0 0 1 0 0 0
2.294 1.83 0 1 0 0 0 0 1 0 0
4.742 1.381 0 1 0 0 0 0 0 1 0
3.308 2.963 0 0 0 0 1 0 0 1 0
3.085 1.677 0 1 0 0 0 0 0 1 0
3.53 4.999 1 0 0 0 0 1 0 0 0
1.72 1.833 0 0 1 0 0 0 0 1 0
1.317 1.501 0 0 0 0 1 0 0 1 0
3.699 3.8 0 1 0 0 0 0 0 1 0
3.935 4.368 0 0 1 0 0 0 0 1 0
2.595 3.638 0 0 0 0 1 0 0 1 0
2.218 1.485 1 0 0 0 0 0 1 0 0
3.859 4.022 0 0 1 0 0 0 0 1 0
3.347 2.505 0 1 0 0 0 1 0 0 0
3.303 3.963 0 0 1 0 0 0 0 1 0
3.633 2.986 0 1 0 0 0 0 0 1 0
2.866 2.791 0 1 0 0 0 0 0 1 0
3.255 1.253 0 0 1 0 0 0 0 1 0
3.589 4.443 1 0 0 0 0 0 0 1 0
4.55 1.416 0 1 0 0 0 0 0 1 0
2.04 3.153 1 0 0 0 0 0 0 1 0
3.792 2.695 0 1 0 0 0 1 0 0 0
4.325 1.436 0 0 0 0 1 0 0 1 0
2.898 1.274 1 0 0 0 0 0 0 1 0
1.709 1.843 0 0 1 0 0 0 0 1 0
2.234 2.737 0 1 0 0 0 0 1 0 0
3.085 1.214 0 0 1 0 0 0 0 1 0
2.243 3.031 0 0 1 0 0 0 0 1 0
2.623 0.853 0 0 1 0 0 0 0 1 0
1.439 1.523 0 0 0 0 1 0 0 1 0
3.661 3.788 0 1 0 0 0 0 0 1 0
1.35 1.97 0 0 1 0 0 0 1 0 0
1.443 1.509 0 0 0 0 1 0 0 1 0
1.883 1.176 1 0 0 0 0 0 0 1 0
1.047 1.922 0 0 1 0 0 0 1 0 0
3.656 2.67 0 1 0 0 0 1 0 0 0
3.733 0.974 0 1 0 0 0 0 0 1 0
3.017 3.482 0 1 0 0 0 0 1 0 0
3.843 3.121 0 0 0 0 1 0 0 1 0
4.399 3.18 0 0 0 1 0 0 0 1 0
2.933 0.978 0 0 1 0 0 0 1 0 0
1.106 1.548 0 0 1 0 0 0 1 0 0
3.407 1.953 0 1 0 0 0 0 1 0 0
2.116 3.498 1 0 0 0 0 0 0 1 0
3.617 2.084 0 1 0 0 0 0 0 1 0
3.784 3.677 0 1 0 0 0 1 0 0 0
3.093 3.828 0 0 1 0 0 0 0 1 0
2.326 3.633 1 0 0 0 0 0 0 1 0
2.008 1.35 1 0 0 0 0 0 0 1 0
4.571 1.407 0 1 0 0 0 0 0 1 0
4.022 1.453 0 1 0 0 0 0 1 0 0
1.678 2.327 0 0 1 0 0 0 0 1 0
4.324 2.835 0 1 0 0 0 1 0 0 0
1.122 2.267 0 1 0 0 0 0 0 1 0
3.962 2.009 0 1 0 0 0 0 0 1 0
3.441 4.719 0 0 0 0 1 0 1 0 0
3.669 4.291 0 0 1 0 0 0 1 0 0
2.834 0.988 0 0 1 0 0 0 1 0 0
4.475 3.526 0 1 0 0 0 0 0 0 1
4.252 3.292 0 1 0 0 0 0 0 1 0
0.491 1.862 0 0 1 0 0 1 0 0 0
4.459 2.624 0 1 0 0 0 1 0 0 0
2.85 1.89 0 1 0 0 0 1 0 0 0
1.409 2.748 0 0 1 0 0 0 0 1 0
1.857 0.659 0 0 1 0 0 0 1 0 0
3.12 1.469 0 0 1 0 0 1 0 0 0
4.578 1.512 0 1 0 0 0 0 0 1 0
3.117 1.702 0 1 0 0 0 0 0 1 0
2.502 3.988 1 0 0 0 0 0 0 1 0
2.504 1.965 0 1 0 0 0 0 1 0 0
1.706 1.848 0 0 1 0 0 0 0 1 0
2.564 1.409 1 0 0 0 0 0 0 0 1
1.392 1.846 0 0 1 0 0 0 0 1 0
2.916 4.916 1 0 0 0 0 1 0 0 0
3.493 5.092 1 0 0 0 0 0 1 0 0
2.758 0.643 0 1 0 0 0 1 0 0 0
2.639 1.755 0 0 1 0 0 1 0 0 0
4.339 1.473 0 0 0 0 1 0 0 1 0
2.795 3.645 0 0 0 0 1 0 0 1 0
2.902 1.263 1 0 0 0 0 0 0 1 0
1.754 2.672 0 1 0 0 0 0 0 1 0
3.077 2.926 0 1 0 0 0 0 1 0 0
3.768 2.675 0 1 0 0 0 1 0 0 0
2.341 4.135 1 0 0 0 0 0 0 1 0
1.376 0.945 1 0 0 0 0 0 0 1 0
3.894 3.805 0 0 0 0 1 0 0 1 0
2.972 0.988 0 0 1 0 0 0 1 0 0
1.839 0.995 1 0 0 0 0 0 0 1 0
2.369 2.176 0 0 0 0 1 0 0 1 0
3.454 4.654 0 0 0 0 1 0 1 0 0
2.561 1.984 0 1 0 0 0 0 1 0 0
4.502 1.167 0 0 0 0 1 0 0 1 0
1.619 2.883 0 0 1 0 0 0 0 1 0
2.791 2.446 0 1 0 0 0 0 0 1 0
3.8 4.578 1 0 0 0 0 0 0 1 0
4.156 1.242 0 0 0 1 0 0 1 0 0
2.901 4.919 1 0 0 0 0 1 0 0 0
3.903 2.565 0 1 0 0 0 1 0 0 0
3.925 3.785 0 0 0 0 1 0 0 1 0
3.136 2.37 0 0 0 1 0 1 0 0 0
4.788 1.647 0 1 0 0 0 0 0 1 0
3.647 3.786 0 1 0 0 0 0 0 1 0
3.26 5.42 0 1 0 0 0 0 0 1 0
3.917 3.773 0 0 0 0 1 0 0 1 0
4.412 1.088 0 0 0 0 1 0 0 1 0
3.6 1.183 0 1 0 0 0 0 0 1 0
4.637 0.956 0 1 0 0 0 0 0 1 0
2.278 0.929 1 0 0 0 0 0 0 1 0
3.811 1.318 0 1 0 0 0 0 0 1 0
2.596 3.212 0 0 1 0 0 0 1 0 0
1.695 3.227 1 0 0 0 0 1 0 0 0
4.367 1.377 0 0 0 0 1 0 0 1 0
2.143 1.139 1 0 0 0 0 0 0 1 0
3.152 3.272 0 1 0 0 0 0 0 1 0
1.257 2.057 0 0 1 0 0 0 1 0 0
4.48 1.089 0 1 0 0 0 0 1 0 0
1.797 1.215 1 0 0 0 0 0 0 1 0
1.511 0.734 1 0 0 0 0 0 1 0 0
4.423 1.078 0 0 0 0 1 0 0 1 0
2.553 3.314 0 0 1 0 0 0 0 1 0
4.097 1.798 0 1 0 0 0 0 0 0 1
2.985 1.679 0 1 0 0 0 0 0 1 0
1.738 1.771 0 0 1 0 0 0 0 1 0
1.701 1.169 1 0 0 0 0 0 0 1 0
3.31 4.594 0 0 0 0 1 0 0 1 0
3.271 2.16 0 0 0 0 1 0 0 1 0
2.823 4.249 1 0 0 0 0 1 0 0 0
2.465 4.003 1 0 0 0 0 0 0 1 0
1.354 1.966 0 0 1 0 0 0 1 0 0
3.652 4.312 0 0 1 0 0 1 0 0 0
3.212 2.716 0 0 1 0 0 0 0 1 0
1.346 1.954 0 0 1 0 0 0 1 0 0
3.692 2.43 0 1 0 0 0 1 0 0 0
3.049 5.285 0 1 0 0 0 1 0 0 0
2.593 3.312 0 0 1 0 0 0 0 1 0
3.59 4.033 0 0 1 0 0 0 1 0 0
3.322 3.001 0 0 0 0 1 0 0 1 0
1.071 1.567 0 0 1 0 0 0 1 0 0
4.333 1.455 0 0 0 0 1 0 0 1 0
2.333 2.417 0 0 0 0 1 0 0 1 0
4.129 3.601 0 1 0 0 0 1 0 0 0
3.827 2.219 0 1 0 0 0 1 0 0 0
3.422 2.851 0 0 1 0 0 0 0 1 0
3.994 3.814 0 0 0 0 1 0 0 1 0
2.599 1.996 0 1 0 0 0 0 0 1 0
4.292 1.039 0 0 0 0 1 0 0 1 0
2.175 2.942 0 0 1 0 0 0 1 0 0
3.681 5.69 0 1 0 0 0 0 1 0 0
3.319 4.864 1 0 0 0 0 0 1 0 0
2.978 4.009 0 0 0 0 1 0 0 1 0
2.969 0.778 0 1 0 0 0 0 1 0 0
3.406 4.741 0 0 0 0 1 0 1 0 0
3.557 2.64 0 1 0 0 0 1 0 0 0
4.01 4.713 1 0 0 0 0 0 1 0 0
2.807 3.347 0 0 1 0 0 0 1 0 0
4.081 0.897 0 0 0 0 1 0 0 1 0
3.87 0.762 0 0 1 0 0 0 1 0 0
3.74 5.134 1 0 0 0 0 1 0 0 0
3.046 1.205 0 0 1 0 0 0 0 1 0
2.54 3.32 0 0 1 0 0 0 0 1 0
2.827 3.667 0 0 0 0 1 0 0 1 0
4.248 2.489 0 0 0 1 0 1 0 0 0
2.402 3.979 1 0 0 0 0 0 0 1 0
3.498 3.196 0 1 0 0 0 0 1 0 0
2.882 3.693 0 0 0 0 1 0 0 1 0
3.184 2.098 0 1 0 0 0 0 0 1 0
4.383 1.081 0 0 0 0 1 0 0 1 0
1.813 2.116 0 0 1 0 0 0 0 1 0
3.196 1.814 0 1 0 0 0 1 0 0 0
3.168 4.173 1 0 0 0 0 0 0 1 0
2.333 2.367 0 0 0 0 1 0 0 1 0
3.136 2.091 0 1 0 0 0 0 0 1 0
2.774 1.544 0 0 1 0 0 0 1 0 0
3.541 1.739 0 0 1 0 0 0 0 0 1
3.721 4.239 0 0 1 0 0 0 0 1 0
4.279 3.283 0 1 0 0 0 0 0 1 0
1.651 1.157 1 0 0 0 0 0 0 0 1
4.07 4.157 0 0 1 0 0 0 0 1 0
4.576 1.411 0 1 0 0 0 0 0 1 0
2.908 1.263 1 0 0 0 0 0 0 1 0
1.877 1.186 1 0 0 0 0 0 0 1 0
1.879 1.171 1 0 0 0 0 0 0 1 0
1.687 1.174 1 0 0 0 0 0 0 1 0
3.676 1.528 0 0 1 0 0 0 0 1 0
3.316 2.987 0 0 0 0 1 0 0 1 0
2.909 1.334 1 0 0 0 0 0 0 1 0
2.22 2.732 0 1 0 0 0 0 1 0 0
3.768 2.775 0 1 0 0 0 1 0 0 0
3.363 3.407 0 1 0 0 0 0 1 0 0
4.75 1.369 0 1 0 0 0 0 0 1 0
4.745 3.105 1 0 0 0 0 1 0 0 0
1.301 0.599 0 0 1 0 0 0 0 0 1
2.488 1.064 1 0 0 0 0 0 0 1 0
3.708 3.331 0 1 0 0 0 0 1 0 0
3.175 2.102 0 1 0 0 0 0 0 1 0
2.159 2.041 0 1 0 0 0 0 0 1 0
2.083 1.695 0 1 0 0 0 1 0 0 0
4.308 1.933 0 1 0 0 0 0 0 1 0
3.504 5.13 1 0 0 0 0 0 1 0 0
2.31 2.732 0 1 0 0 0 0 1 0 0
2.319 4.103 1 0 0 0 0 0 0 1 0
3.043 4.692 1 0 0 0 0 0 0 1 0
2.327 2.417 0 0 0 0 1 0 0 1 0
0.626 1.652 0 1 0 0 0 1 0 0 0
4.292 3.29 0 1 0 0 0 0 0 1 0
1.932 1.004 1 0 0 0 0 0 0 1 0
3.031 1.201 0 0 1 0 0 0 0 1 0
4.426 0.821 0 1 0 0 0 0 1 0 0
3.752 1.874 0 1 0 0 0 0 1 0 0
2.537 3.768 1 0 0 0 0 0 0 1 0
2.747 3.903 1 0 0 0 0 0 1 0 0
2.445 2.521 0 1 0 0 0 0 0 1 0
1.433 1.525 0 0 0 0 1 0 0 1 0
3.379 4.308 0 0 0 0 1 0 0 1 0
1.587 1.08 1 0 0 0 0 0 0 1 0
1.948 1.906 0 0 1 0 0 0 0 1 0
3.185 2.092 0 1 0 0 0 0 0 1 0
3.605 5.345 0 0 1 0 0 0 0 1 0
0.836 1.787 0 0 1 0 0 0 0 1 0
2.461 3.423 0 0 0 0 1 0 0 0 1
4.264 3.391 0 1 0 0 0 0 0 1 0
2.251 3.288 0 0 0 0 1 0 0 1 0
1.315 1.975 0 0 1 0 0 0 1 0 0
3.673 4.278 0 0 1 0 0 0 1 0 0
2.254 3.045 0 0 1 0 0 0 0 1 0
4.59 1.414 0 1 0 0 0 0 0 1 0
1.842 0.989 1 0 0 0 0 0 0 1 0
2.456 3.99 1 0 0 0 0 0 0 1 0
2.58 2.311 0 1 0 0 0 0 1 0 0
2.267 4.189 1 0 0 0 0 0 0 1 0
1.108 1.535 0 0 1 0 0 0 1 0 0
1.646 0.524 0 1 0 0 0 0 1 0 0
3.33 1.604 0 0 1 0 0 0 0 1 0
3.228 3.617 0 1 0 0 0 0 0 1 0
4.189 3.045 0 0 0 1 0 0 0 1 0
1.182 1.711 0 0 1 0 0 0 1 0 0
2.942 3.137 0 0 0 0 1 0 1 0 0
3.447 4.733 0 0 0 0 1 0 1 0 0
3.514 5.119 1 0 0 0 0 0 1 0 0
3.332 4.628 0 0 0 0 1 0 1 0 0
4.173 2.144 0 1 0 0 0 0 1 0 0
3.465 1.393 0 0 1 0 0 0 0 1 0
3.559 4.009 0 0 1 0 0 0 1 0 0
3.127 1.691 0 1 0 0 0 0 0 1 0
4.409 1.084 0 0 0 0 1 0 0 1 0
1.333 2.407 0 1 0 0 0 0 0 1 0
3.675 4.293 0 0 1 0 0 0 1 0 0
4.61 3.315 0 1 0 0 0 1 0 0 0
3.792 2.707 0 1 0 0 0 1 0 0 0
4.331 1.449 0 0 0 0 1 0 0 1 0
4.054 3.256 0 1 0 0 0 0 0 1 0
1.452 1.29 1 0 0 0 0 0 0 1 0
3.798 2.694 0 1 0 0 0 1 0 0 0
2.612 4.114 1 0 0 0 0 0 0 1 0
1.905 3.363 1 0 0 0 0 0 0 1 0
0.971 1.576 0 0 1 0 0 0 0 1 0
3.184 5.075 0 0 1 0 0 0 0 1 0
2.429 1.62 0 0 1 0 0 0 0 1 0
2.633 3.65 0 0 0 0 1 0 0 1 0
2.974 4.937 1 0 0 0 0 0 1 0 0
3.47 5.555 0 1 0 0 0 0 1 0 0
1.69 1.858 0 0 1 0 0 0 0 1 0
2.34 4.141 1 0 0 0 0 0 0 1 0
3.452 4.736 0 0 0 0 1 0 1 0 0
3.009 4.738 1 0 0 0 0 0 0 1 0
2.224 2.728 0 1 0 0 0 0 1 0 0
3.001 2.581 0 1 0 0 0 0 1 0 0
4.34 3.736 0 0 1 0 0 0 1 0 0
2.887 4.889 1 0 0 0 0 1 0 0 0
2.286 3.068 0 0 1 0 0 0 0 1 0
3.514 4.098 0 0 1 0 0 0 1 0 0
1.241 1.155 1 0 0 0 0 1 0 0 0
4.745 1.372 0 1 0 0 0 0 0 1 0
