1 0 0 1 1 0 0 0 0 0 0 2.72897800776197 2.13842173350582 1.83841991341991 0.84
1 0 0 1 0 1 0 0 0 0 0 0.926384364820847 1.99022801302932 1.99245867768595 0.88
1 0 0 1 0 0 1 0 0 0 0 1.76955903271693 2.34850640113798 1.87472451790634 0.88
1 0 0 1 0 0 0 1 0 0 0 2.68840082361016 2.04323953328758 1.51515151515152 0.92
1 0 0 1 0 0 0 0 1 0 0 0.81304347826087 1.64347826086957 3.28728191000918 0.88
1 0 0 1 0 0 1 0 0 0 0 1.2711234911792 2.04549675023213 1.51177398989899 0.64
1 0 1 0 0 0 0 0 0 1 0 2.36807095343681 1.86622320768662 1.03246753246753 0.84
1 0 0 1 0 0 1 0 0 0 0 0.551854655563967 2.05753217259652 4.48545454545455 0.8
0 1 0 1 0 0 1 0 0 0 0 2.24713375796178 1.87898089171975 1.57983682983683 0.44
0 1 1 0 0 0 0 0 0 0 1 3.73054755043228 1.45677233429395 1.02 0.4
