5 9 1 1
1 2 1 1
2 10 1 1
1 4 1 1
9 10 1 1
5 7 1 1
6 8 1 -1
4 7 1 1
1 6 1 -1
2 8 1 -1
5 8 1 -1
4 5 1 -1
8 9 1 1
3 9 1 1
4 9 1 1
6 7 1 1
2 4 1 1
3 10 1 1
2 3 1 -1
7 8 1 -1
4 6 1 -1
3 7 1 1
1 3 1 -1
5 10 1 1
3 4 1 1
2 7 1 1
1 10 1 1
6 9 1 1
3 5 1 -1
6 10 1 1
1 7 1 1
4 8 1 -1
2 5 1 -1
7 10 1 1
1 9 1 1
1 10 2 1
6 10 2 -1
3 10 2 1
7 10 2 -1
7 8 2 -1
4 5 2 1
4 7 2 1
1 6 2 1
3 9 2 1
9 10 2 1
4 8 2 1
3 4 2 1
3 7 2 1
8 9 2 -1
3 6 2 1
7 9 2 -1
1 2 2 1
2 9 2 1
4 10 2 1
3 8 2 1
2 10 2 1
5 6 2 1
6 7 2 -1
1 5 2 1
2 6 2 1
5 7 2 1
6 8 2 -1
5 10 2 1
1 9 2 1
2 4 2 1
1 8 2 1
3 5 2 1
2 5 2 1
4 9 2 -1
2 8 2 1
3 9 3 -1
5 7 3 -1
3 10 3 1
4 8 3 1
2 7 3 1
7 8 3 1
6 7 3 -1
3 6 3 -1
7 9 3 1
2 8 3 1
1 5 3 1
2 9 3 1
1 2 3 -1
7 10 3 1
1 10 3 1
5 8 3 1
4 5 3 1
2 4 3 1
4 7 3 1
8 9 3 -1
2 3 3 1
4 9 3 1
6 9 3 -1
4 6 3 1
4 10 3 1
2 6 3 1
5 6 3 1
1 3 3 1
3 4 3 -1
2 10 3 1
5 10 3 1
1 8 3 1
8 10 3 -1
9 10 3 1
1 7 3 1
2 9 4 1
5 6 4 -1
5 8 4 -1
1 2 4 1
2 5 4 -1
2 7 4 1
1 5 4 1
1 4 4 1
7 8 4 -1
5 7 4 1
4 10 4 1
5 10 4 1
1 3 4 1
2 10 4 1
3 4 4 1
4 9 4 -1
2 4 4 1
9 10 4 1
1 7 4 1
3 6 4 -1
6 10 4 1
6 8 4 -1
2 6 4 -1
4 7 4 1
4 8 4 -1
6 7 4 1
8 9 4 1
5 9 4 1
3 9 4 1
6 9 4 1
2 8 4 -1
7 9 4 -1
3 10 4 1
8 10 4 1
1 6 4 1
1 10 5 1
4 9 5 -1
4 5 5 -1
7 8 5 1
4 10 5 1
5 9 5 -1
3 10 5 1
2 6 5 -1
9 10 5 1
2 9 5 -1
4 6 5 -1
6 7 5 1
2 4 5 1
6 8 5 1
5 6 5 -1
5 7 5 -1
2 3 5 -1
7 10 5 1
8 9 5 1
2 10 5 1
4 8 5 -1
2 8 5 -1
6 10 5 1
5 10 5 1
1 6 5 -1
3 4 5 1
1 7 5 -1
3 8 5 -1
4 7 5 -1
2 7 5 -1
8 10 5 1
3 5 5 1
1 9 5 -1
1 8 5 -1
1 5 5 1
8 10 6 1
3 8 6 -1
2 4 6 -1
5 7 6 1
6 9 6 1
1 5 6 1
3 5 6 1
2 8 6 1
1 2 6 1
2 6 6 1
5 8 6 -1
1 6 6 1
5 10 6 1
2 10 6 1
4 7 6 1
4 10 6 1
2 3 6 1
7 9 6 -1
4 5 6 1
7 8 6 -1
5 6 6 -1
3 7 6 1
2 9 6 1
1 8 6 1
1 7 6 1
3 6 6 -1
9 10 6 1
4 9 6 1
3 9 6 1
6 8 6 1
8 9 6 1
2 7 6 1
1 4 6 -1
4 6 6 1
7 10 6 -1
1 4 7 1
1 2 7 1
8 9 7 1
7 10 7 -1
6 8 7 -1
2 4 7 1
5 8 7 1
1 10 7 1
1 9 7 1
3 5 7 -1
7 9 7 -1
4 7 7 1
5 6 7 1
8 10 7 1
4 9 7 -1
1 6 7 -1
3 7 7 1
2 10 7 1
1 3 7 1
7 8 7 -1
1 7 7 1
6 7 7 1
5 7 7 1
3 4 7 1
3 8 7 -1
9 10 7 1
3 6 7 -1
5 9 7 1
4 10 7 1
1 5 7 -1
4 8 7 -1
1 8 7 -1
2 9 7 -1
3 9 7 1
2 6 7 -1
1 4 8 1
2 4 8 1
2 9 8 1
5 9 8 -1
1 8 8 1
2 3 8 -1
4 7 8 1
4 8 8 -1
7 8 8 -1
1 10 8 1
5 10 8 -1
1 9 8 1
9 10 8 1
4 10 8 1
8 10 8 1
1 7 8 1
5 6 8 1
2 8 8 -1
7 9 8 -1
4 6 8 1
3 10 8 1
3 5 8 1
6 10 8 -1
1 3 8 1
5 8 8 -1
3 4 8 1
6 9 8 -1
2 7 8 1
4 5 8 1
3 7 8 1
6 8 8 -1
1 2 8 1
3 8 8 -1
2 6 8 1
1 6 8 1
5 9 9 -1
2 6 9 -1
2 7 9 -1
5 8 9 -1
1 5 9 1
2 10 9 1
1 9 9 1
4 10 9 1
5 7 9 -1
3 9 9 1
7 10 9 1
1 4 9 -1
4 9 9 1
1 10 9 1
2 4 9 -1
7 8 9 1
5 6 9 -1
8 9 9 1
5 10 9 -1
6 8 9 1
2 9 9 1
1 6 9 -1
8 10 9 1
3 5 9 1
1 8 9 -1
4 6 9 -1
6 9 9 1
4 5 9 1
2 3 9 -1
3 4 9 -1
6 7 9 1
1 2 9 -1
3 8 9 -1
3 10 9 1
4 8 9 1
1 5 10 1
4 5 10 1
2 7 10 1
6 7 10 1
5 9 10 -1
1 6 10 -1
2 8 10 -1
4 8 10 -1
7 8 10 -1
5 8 10 -1
8 9 10 1
4 9 10 -1
2 4 10 -1
8 10 10 1
1 7 10 1
7 9 10 -1
3 8 10 -1
3 6 10 1
4 10 10 1
2 6 10 -1
1 9 10 -1
5 10 10 1
2 3 10 -1
7 10 10 1
1 3 10 -1
6 8 10 -1
5 6 10 -1
4 6 10 -1
3 10 10 1
3 9 10 1
3 5 10 1
1 4 10 1
5 7 10 1
1 10 10 1
4 7 10 1
7 8 11 -1
1 7 11 1
3 8 11 -1
2 9 11 1
4 6 11 -1
1 9 11 1
6 8 11 1
1 6 11 -1
2 7 11 1
7 9 11 -1
4 8 11 1
6 9 11 1
5 6 11 -1
3 6 11 -1
8 9 11 1
4 9 11 1
2 3 11 1
5 7 11 1
7 10 11 -1
1 10 11 -1
4 7 11 1
4 10 11 -1
1 5 11 -1
1 3 11 1
8 10 11 -1
3 5 11 -1
1 2 11 -1
5 9 11 1
4 5 11 1
9 10 11 -1
5 8 11 -1
3 4 11 -1
6 10 11 1
2 10 11 -1
2 6 11 -1
1 9 12 1
8 10 12 1
3 9 12 1
1 4 12 1
5 9 12 -1
6 8 12 1
3 7 12 1
1 8 12 -1
9 10 12 1
2 9 12 1
7 9 12 -1
1 6 12 -1
2 6 12 -1
2 10 12 1
4 6 12 -1
5 8 12 -1
1 7 12 1
5 7 12 -1
7 10 12 1
1 3 12 1
6 10 12 1
2 4 12 1
2 7 12 1
6 7 12 1
3 8 12 -1
1 2 12 -1
4 9 12 -1
2 8 12 -1
3 10 12 1
1 10 12 1
3 4 12 1
1 5 12 1
3 6 12 -1
4 8 12 -1
5 6 12 -1
2 6 13 1
8 9 13 1
3 10 13 1
1 10 13 1
4 9 13 -1
3 8 13 1
6 8 13 -1
7 10 13 1
7 8 13 -1
3 9 13 1
2 8 13 -1
1 5 13 1
3 5 13 1
2 5 13 1
2 9 13 1
1 2 13 -1
3 4 13 1
7 9 13 -1
4 6 13 1
6 9 13 -1
3 7 13 1
1 9 13 -1
6 10 13 -1
5 7 13 -1
9 10 13 1
3 6 13 1
4 7 13 -1
8 10 13 1
4 8 13 -1
4 5 13 1
5 10 13 -1
2 10 13 1
5 9 13 -1
1 3 13 -1
1 7 13 -1
3 7 14 1
5 8 14 -1
3 10 14 1
7 9 14 -1
1 4 14 1
2 4 14 -1
6 9 14 -1
4 6 14 -1
6 7 14 1
1 9 14 -1
3 9 14 -1
6 10 14 1
1 8 14 1
4 5 14 1
6 8 14 1
4 8 14 -1
1 3 14 1
2 8 14 -1
5 9 14 -1
1 2 14 1
7 8 14 -1
4 7 14 1
8 10 14 1
2 6 14 -1
9 10 14 1
2 9 14 -1
5 7 14 1
2 7 14 -1
1 10 14 1
5 10 14 1
2 5 14 -1
7 10 14 1
3 8 14 -1
3 4 14 1
1 7 14 1
5 10 15 1
6 10 15 1
1 2 15 -1
7 9 15 1
7 8 15 1
3 10 15 1
3 6 15 -1
4 9 15 -1
3 7 15 -1
4 5 15 -1
1 8 15 -1
2 10 15 1
3 5 15 -1
5 9 15 -1
9 10 15 1
5 8 15 -1
1 3 15 1
2 9 15 1
8 9 15 1
5 6 15 1
6 8 15 -1
2 5 15 1
4 7 15 -1
8 10 15 1
4 8 15 -1
6 7 15 -1
2 4 15 1
7 10 15 1
1 10 15 1
3 9 15 -1
5 7 15 -1
6 9 15 -1
1 9 15 -1
4 10 15 1
2 6 15 1
6 9 16 -1
5 9 16 -1
1 9 16 1
3 6 16 1
4 5 16 1
5 7 16 -1
3 8 16 1
3 5 16 1
4 9 16 1
4 6 16 1
2 5 16 1
7 10 16 1
1 6 16 1
2 9 16 -1
1 8 16 1
2 6 16 -1
3 9 16 1
4 8 16 1
3 4 16 -1
1 7 16 1
1 10 16 1
4 10 16 1
7 9 16 -1
8 10 16 1
7 8 16 -1
5 8 16 -1
2 10 16 1
6 10 16 1
3 10 16 1
5 6 16 -1
1 4 16 1
2 7 16 -1
2 8 16 -1
2 4 16 -1
9 10 16 1
3 9 17 -1
7 9 17 -1
4 5 17 -1
2 3 17 1
3 6 17 1
5 9 17 1
3 10 17 1
1 4 17 1
1 9 17 1
1 3 17 1
3 4 17 1
6 7 17 -1
2 5 17 -1
3 8 17 1
2 4 17 1
1 5 17 -1
5 8 17 1
4 10 17 -1
4 9 17 -1
1 2 17 1
1 8 17 1
4 6 17 1
9 10 17 1
1 7 17 1
1 10 17 1
5 6 17 1
2 7 17 1
5 7 17 1
7 10 17 -1
7 8 17 -1
6 9 17 -1
2 10 17 1
2 6 17 1
4 7 17 1
6 8 17 -1
1 3 18 -1
9 10 18 1
3 5 18 1
1 6 18 1
2 5 18 1
7 10 18 1
3 8 18 -1
7 8 18 -1
1 2 18 -1
1 5 18 1
8 9 18 1
2 9 18 1
5 6 18 -1
6 10 18 1
1 9 18 -1
2 4 18 1
4 5 18 1
6 8 18 -1
4 6 18 1
4 9 18 -1
2 7 18 1
4 10 18 1
2 10 18 1
1 7 18 -1
1 10 18 1
3 6 18 1
4 8 18 -1
6 9 18 -1
6 7 18 -1
5 7 18 -1
3 10 18 1
2 6 18 1
2 3 18 1
7 9 18 -1
3 7 18 1
6 10 19 1
4 7 19 1
5 9 19 1
4 5 19 -1
2 3 19 -1
3 6 19 -1
2 8 19 -1
1 3 19 1
5 8 19 -1
7 10 19 -1
6 9 19 1
2 9 19 1
5 7 19 1
2 10 19 1
3 5 19 -1
6 8 19 -1
2 5 19 -1
4 10 19 1
5 6 19 -1
4 8 19 -1
7 8 19 -1
3 9 19 1
2 4 19 -1
3 8 19 -1
1 8 19 -1
8 9 19 1
1 2 19 1
3 4 19 1
9 10 19 -1
8 10 19 1
6 7 19 1
1 5 19 -1
3 10 19 1
2 7 19 1
1 10 19 1
2 9 20 1
1 4 20 1
4 6 20 -1
1 10 20 1
9 10 20 1
5 7 20 1
7 8 20 -1
5 8 20 -1
2 5 20 1
1 6 20 -1
3 6 20 1
6 10 20 1
4 5 20 -1
8 10 20 1
1 8 20 -1
3 8 20 1
3 5 20 1
2 8 20 -1
4 9 20 -1
7 9 20 -1
1 3 20 -1
5 6 20 -1
6 8 20 -1
6 9 20 1
8 9 20 1
1 5 20 1
4 8 20 -1
1 9 20 1
6 7 20 1
4 10 20 1
3 9 20 1
3 7 20 1
2 3 20 -1
7 10 20 1
2 7 20 1
1 2 21 -1
5 6 21 1
1 5 21 1
7 8 21 -1
8 9 21 -1
4 6 21 -1
4 7 21 1
6 7 21 1
4 9 21 -1
2 10 21 1
2 7 21 1
3 7 21 1
2 4 21 1
2 5 21 1
3 6 21 1
3 4 21 1
7 10 21 1
1 9 21 1
4 8 21 -1
5 10 21 1
2 6 21 1
3 5 21 1
1 6 21 1
3 9 21 1
5 7 21 1
8 10 21 1
6 9 21 -1
2 9 21 1
2 3 21 1
5 8 21 1
9 10 21 1
1 7 21 1
7 9 21 -1
1 4 21 1
6 10 21 1
4 8 22 -1
5 8 22 -1
6 9 22 1
3 8 22 -1
8 10 22 1
2 9 22 -1
7 9 22 -1
1 10 22 1
7 10 22 1
6 8 22 -1
6 10 22 1
3 10 22 1
2 4 22 -1
1 9 22 1
6 7 22 1
4 7 22 1
3 6 22 1
2 8 22 -1
1 4 22 1
5 7 22 1
5 6 22 1
5 9 22 1
3 9 22 1
1 5 22 -1
4 9 22 -1
4 5 22 -1
9 10 22 1
2 7 22 1
2 10 22 1
1 3 22 -1
8 9 22 1
3 7 22 1
4 10 22 1
2 6 22 -1
3 5 22 1
3 7 23 1
3 9 23 1
3 6 23 -1
6 8 23 -1
1 4 23 1
8 10 23 1
2 9 23 -1
2 10 23 -1
1 6 23 -1
5 10 23 -1
1 2 23 -1
5 9 23 -1
3 10 23 1
5 6 23 -1
8 9 23 1
2 3 23 -1
4 7 23 -1
6 10 23 1
2 7 23 1
1 9 23 -1
2 5 23 1
6 7 23 1
2 8 23 -1
5 7 23 -1
2 4 23 1
9 10 23 1
3 4 23 1
4 8 23 -1
7 8 23 -1
3 5 23 1
2 6 23 -1
4 6 23 -1
1 10 23 -1
1 3 23 -1
4 9 23 -1
3 8 24 -1
4 9 24 1
4 5 24 1
8 9 24 -1
2 3 24 1
2 7 24 1
6 9 24 -1
1 2 24 -1
1 3 24 1
2 5 24 -1
7 9 24 1
8 10 24 -1
1 5 24 -1
2 6 24 1
1 10 24 1
3 10 24 -1
5 10 24 1
3 4 24 -1
4 6 24 1
1 8 24 1
3 6 24 1
7 10 24 1
2 8 24 1
1 9 24 1
5 9 24 1
3 5 24 -1
6 8 24 -1
1 7 24 1
5 7 24 1
4 7 24 1
3 7 24 -1
4 10 24 1
5 8 24 1
5 6 24 1
3 9 24 -1
6 8 25 1
2 6 25 -1
2 8 25 1
3 8 25 -1
1 7 25 -1
2 5 25 1
6 9 25 1
9 10 25 -1
8 9 25 1
1 5 25 1
4 10 25 -1
2 7 25 1
1 2 25 -1
5 6 25 -1
2 9 25 1
1 4 25 -1
3 9 25 1
1 9 25 -1
5 9 25 -1
1 10 25 -1
2 10 25 1
4 8 25 -1
4 5 25 1
6 10 25 1
5 10 25 -1
1 8 25 -1
6 7 25 1
7 10 25 1
3 10 25 1
4 6 25 -1
1 6 25 -1
3 4 25 1
3 6 25 -1
3 5 25 1
7 8 25 -1
5 7 26 1
2 10 26 1
2 6 26 -1
1 9 26 1
6 9 26 1
3 8 26 -1
6 8 26 -1
7 9 26 1
5 6 26 -1
3 10 26 1
1 5 26 1
5 9 26 1
7 10 26 1
1 2 26 1
8 10 26 1
3 7 26 1
6 10 26 1
1 7 26 1
2 7 26 -1
1 10 26 1
4 9 26 -1
1 8 26 -1
5 8 26 -1
6 7 26 1
5 10 26 1
4 5 26 -1
2 9 26 -1
7 8 26 -1
1 3 26 -1
2 3 26 -1
2 8 26 -1
8 9 26 1
1 4 26 1
3 6 26 1
3 4 26 1
4 7 27 -1
7 9 27 -1
2 9 27 1
1 8 27 -1
2 6 27 1
2 5 27 1
6 10 27 1
1 4 27 -1
8 9 27 1
2 8 27 -1
5 7 27 1
1 10 27 -1
2 10 27 1
3 5 27 1
3 7 27 1
4 8 27 -1
1 7 27 -1
7 10 27 1
3 8 27 -1
3 9 27 1
3 4 27 1
4 5 27 -1
2 7 27 1
5 8 27 -1
8 10 27 1
1 5 27 -1
9 10 27 1
4 9 27 -1
3 6 27 1
3 10 27 1
5 9 27 -1
4 6 27 -1
2 4 27 1
6 8 27 -1
6 7 27 1
2 6 28 -1
2 7 28 1
1 6 28 1
4 8 28 -1
4 9 28 -1
7 9 28 -1
3 4 28 1
9 10 28 1
3 6 28 1
1 8 28 -1
1 10 28 1
6 7 28 1
4 7 28 -1
3 7 28 1
2 10 28 1
1 4 28 1
2 3 28 -1
5 8 28 -1
1 7 28 1
1 3 28 -1
6 9 28 1
1 2 28 1
5 9 28 1
5 7 28 1
6 8 28 -1
5 10 28 1
7 8 28 -1
6 10 28 1
2 9 28 1
3 5 28 1
4 5 28 -1
2 8 28 -1
7 10 28 1
8 10 28 1
3 8 28 -1
9 10 29 1
4 10 29 1
2 7 29 -1
7 10 29 1
4 5 29 -1
3 7 29 -1
2 6 29 -1
1 9 29 1
4 8 29 -1
7 8 29 -1
1 10 29 1
3 6 29 1
6 7 29 -1
1 4 29 1
4 7 29 -1
5 8 29 -1
1 5 29 1
6 9 29 1
6 8 29 -1
2 10 29 1
8 9 29 1
5 10 29 1
3 5 29 1
4 6 29 1
5 6 29 1
3 8 29 -1
1 7 29 -1
6 10 29 1
3 4 29 1
2 5 29 -1
2 3 29 -1
3 10 29 1
8 10 29 1
5 9 29 1
5 7 29 -1
9 10 30 1
3 10 30 1
1 7 30 1
2 7 30 -1
2 6 30 -1
4 8 30 1
3 5 30 1
1 5 30 1
6 7 30 1
5 8 30 1
3 8 30 1
1 6 30 1
4 9 30 -1
5 10 30 1
2 10 30 1
2 8 30 -1
2 5 30 -1
3 6 30 -1
5 6 30 -1
2 9 30 -1
1 9 30 -1
4 7 30 -1
7 10 30 1
7 8 30 1
8 9 30 -1
1 2 30 1
4 6 30 -1
4 10 30 1
6 9 30 -1
1 3 30 1
7 9 30 -1
1 8 30 1
5 9 30 -1
1 10 30 1
4 5 30 -1
6 9 31 -1
8 9 31 1
2 8 31 -1
4 8 31 1
2 7 31 -1
3 5 31 1
3 4 31 1
3 10 31 1
5 8 31 -1
1 6 31 1
2 10 31 1
3 7 31 1
2 6 31 1
3 8 31 1
4 7 31 1
4 6 31 1
5 9 31 -1
6 8 31 -1
1 5 31 1
4 9 31 1
1 10 31 1
4 5 31 1
7 8 31 -1
9 10 31 1
4 10 31 1
1 7 31 -1
3 9 31 1
2 5 31 1
1 2 31 1
1 3 31 -1
1 4 31 -1
7 10 31 1
8 10 31 1
7 9 31 -1
5 6 31 -1
4 6 32 -1
2 4 32 -1
1 8 32 1
6 7 32 1
5 6 32 -1
1 6 32 1
2 7 32 -1
1 10 32 1
5 8 32 -1
2 10 32 -1
1 2 32 1
3 10 32 1
3 4 32 1
1 3 32 1
7 9 32 -1
6 9 32 -1
4 10 32 -1
3 7 32 1
4 8 32 -1
3 9 32 1
9 10 32 1
6 8 32 -1
4 5 32 1
1 7 32 1
7 8 32 -1
8 9 32 1
5 7 32 -1
2 8 32 -1
2 3 32 -1
6 10 32 -1
4 7 32 -1
2 5 32 1
8 10 32 1
2 9 32 -1
1 4 32 1
6 9 33 1
6 7 33 1
2 9 33 -1
7 9 33 1
6 8 33 -1
8 9 33 1
1 2 33 1
3 6 33 1
3 5 33 1
2 8 33 -1
1 9 33 1
1 10 33 1
5 6 33 -1
3 10 33 1
5 9 33 1
3 7 33 1
6 10 33 1
3 4 33 1
4 6 33 -1
9 10 33 -1
1 7 33 1
4 5 33 -1
7 8 33 -1
4 8 33 -1
3 9 33 1
5 8 33 -1
1 4 33 1
5 7 33 1
7 10 33 1
5 10 33 1
4 10 33 1
2 10 33 -1
8 10 33 1
1 6 33 -1
1 5 33 -1
1 9 34 1
1 2 34 1
1 6 34 1
3 9 34 1
2 5 34 1
7 9 34 -1
2 9 34 -1
9 10 34 1
3 8 34 1
6 9 34 -1
4 10 34 1
4 5 34 1
4 6 34 1
1 7 34 1
5 9 34 -1
2 8 34 -1
6 10 34 -1
5 8 34 -1
2 6 34 1
4 9 34 1
5 6 34 -1
2 3 34 -1
5 10 34 -1
3 5 34 1
3 7 34 1
1 8 34 1
3 10 34 1
6 8 34 -1
3 4 34 -1
2 10 34 1
1 3 34 1
1 4 34 1
5 7 34 -1
2 4 34 -1
4 8 34 1
4 6 35 -1
2 3 35 1
3 10 35 1
6 7 35 1
1 2 35 1
8 10 35 1
1 6 35 -1
2 4 35 1
3 9 35 1
3 5 35 -1
1 7 35 1
5 8 35 1
2 8 35 -1
3 8 35 -1
9 10 35 1
5 7 35 1
4 7 35 -1
7 10 35 1
5 6 35 1
5 9 35 1
4 8 35 -1
2 5 35 -1
5 10 35 1
4 9 35 -1
1 9 35 1
2 6 35 -1
2 9 35 1
1 3 35 1
1 5 35 -1
1 8 35 -1
2 7 35 1
3 7 35 1
3 6 35 -1
7 8 35 -1
6 8 35 1
4 10 36 1
2 7 36 -1
7 9 36 1
4 6 36 -1
1 5 36 1
2 8 36 1
8 9 36 -1
2 6 36 -1
4 8 36 1
1 10 36 -1
5 9 36 -1
2 3 36 1
7 10 36 1
3 5 36 1
1 7 36 -1
3 10 36 -1
3 9 36 -1
2 4 36 -1
1 8 36 -1
6 10 36 1
5 8 36 -1
1 4 36 -1
7 8 36 1
3 7 36 -1
3 4 36 -1
1 6 36 -1
5 7 36 -1
6 8 36 1
6 7 36 1
4 5 36 1
2 5 36 1
1 9 36 -1
8 10 36 -1
4 7 36 1
3 6 36 -1
1 10 37 1
1 7 37 1
1 2 37 1
6 7 37 -1
2 10 37 -1
4 10 37 1
2 5 37 -1
5 7 37 1
1 5 37 1
2 8 37 -1
6 9 37 -1
3 8 37 1
4 7 37 1
6 10 37 -1
4 8 37 1
8 9 37 -1
5 8 37 1
5 6 37 1
5 10 37 1
4 5 37 -1
7 8 37 1
2 9 37 -1
2 3 37 -1
4 6 37 1
3 4 37 -1
9 10 37 -1
3 5 37 -1
1 9 37 1
3 9 37 -1
3 6 37 1
1 3 37 1
2 7 37 -1
1 6 37 1
2 6 37 -1
1 4 37 1
2 6 38 -1
4 5 38 -1
2 10 38 1
3 4 38 1
3 8 38 -1
3 6 38 1
5 6 38 1
1 8 38 -1
1 4 38 1
3 9 38 1
5 10 38 1
2 9 38 1
2 7 38 1
7 9 38 -1
1 10 38 1
3 5 38 -1
1 6 38 1
2 4 38 -1
6 9 38 1
8 9 38 1
2 8 38 -1
6 10 38 1
5 7 38 1
4 8 38 -1
7 10 38 1
6 8 38 -1
2 3 38 -1
4 7 38 1
3 7 38 1
6 7 38 1
4 9 38 1
1 9 38 1
9 10 38 1
1 7 38 1
3 10 38 1
6 8 39 -1
2 3 39 1
5 6 39 1
1 8 39 -1
6 7 39 1
1 2 39 -1
4 9 39 1
7 10 39 -1
3 5 39 -1
1 7 39 -1
5 9 39 1
2 7 39 1
1 6 39 -1
1 9 39 1
4 5 39 -1
2 4 39 1
9 10 39 -1
5 8 39 1
2 8 39 -1
7 8 39 -1
1 4 39 1
4 8 39 -1
1 10 39 -1
8 10 39 1
3 7 39 1
3 6 39 1
3 4 39 1
4 10 39 -1
7 9 39 1
6 10 39 1
2 9 39 1
6 9 39 1
4 6 39 -1
8 9 39 1
5 10 39 1
2 6 40 -1
4 10 40 1
2 5 40 -1
2 9 40 -1
1 7 40 1
7 8 40 -1
3 8 40 -1
5 9 40 1
6 10 40 1
5 10 40 1
1 3 40 1
2 4 40 1
1 8 40 -1
4 8 40 -1
4 6 40 -1
7 10 40 1
2 8 40 -1
3 6 40 -1
8 9 40 1
1 10 40 1
2 7 40 1
1 4 40 1
7 9 40 -1
5 6 40 1
2 10 40 1
3 5 40 -1
3 9 40 1
1 2 40 1
4 9 40 -1
3 7 40 1
3 4 40 1
3 10 40 1
8 10 40 1
1 5 40 1
4 5 40 -1
8 10 41 -1
2 8 41 1
3 5 41 1
2 9 41 -1
4 6 41 1
1 2 41 1
7 9 41 1
6 10 41 1
8 9 41 -1
4 8 41 1
4 7 41 1
3 6 41 -1
1 3 41 1
9 10 41 -1
5 6 41 -1
5 8 41 -1
7 8 41 1
2 5 41 1
3 4 41 -1
5 9 41 -1
4 10 41 1
2 7 41 -1
3 8 41 1
1 7 41 1
6 7 41 1
1 10 41 1
1 4 41 1
1 5 41 1
1 8 41 1
4 5 41 1
3 9 41 1
1 6 41 1
2 10 41 -1
2 6 41 -1
5 7 41 -1
1 5 42 1
2 6 42 1
4 8 42 -1
2 3 42 -1
9 10 42 1
7 10 42 1
3 6 42 1
6 9 42 -1
4 9 42 1
5 8 42 -1
7 8 42 -1
5 10 42 -1
6 8 42 -1
1 4 42 1
1 7 42 1
3 9 42 1
3 8 42 -1
2 9 42 1
1 6 42 1
4 5 42 1
2 5 42 1
8 10 42 1
2 7 42 1
1 10 42 1
4 6 42 1
1 8 42 -1
4 10 42 1
4 7 42 1
2 8 42 -1
2 10 42 1
8 9 42 1
2 4 42 1
3 5 42 1
6 7 42 -1
3 10 42 1
5 7 43 1
5 6 43 -1
3 7 43 1
3 9 43 -1
2 3 43 1
1 5 43 -1
1 8 43 -1
7 8 43 -1
4 7 43 1
1 2 43 -1
4 9 43 -1
3 5 43 -1
9 10 43 1
2 6 43 1
6 10 43 1
3 6 43 -1
1 9 43 -1
2 10 43 1
3 8 43 -1
3 10 43 1
1 10 43 1
1 6 43 -1
5 10 43 1
5 8 43 -1
2 7 43 1
2 4 43 1
2 5 43 1
3 4 43 -1
8 10 43 1
4 5 43 -1
2 9 43 1
7 9 43 -1
5 9 43 1
4 10 43 1
1 4 43 1
9 10 44 1
3 8 44 1
2 8 44 1
3 5 44 1
1 5 44 1
2 4 44 -1
5 8 44 -1
5 10 44 -1
1 3 44 1
1 8 44 1
1 7 44 1
7 10 44 -1
2 3 44 1
8 10 44 1
1 10 44 1
3 6 44 1
7 9 44 -1
6 10 44 -1
6 9 44 -1
3 9 44 -1
5 7 44 1
2 10 44 1
2 9 44 1
7 8 44 -1
2 6 44 1
3 10 44 1
4 10 44 1
5 6 44 1
1 4 44 1
4 6 44 1
4 8 44 1
5 9 44 -1
8 9 44 -1
1 2 44 1
4 7 44 1
2 9 45 -1
1 5 45 -1
5 10 45 1
2 5 45 -1
7 10 45 1
2 6 45 -1
1 3 45 1
3 6 45 -1
2 10 45 -1
2 7 45 -1
4 9 45 1
3 4 45 1
1 7 45 1
1 9 45 1
6 8 45 -1
2 8 45 -1
2 4 45 -1
1 2 45 1
3 5 45 -1
5 6 45 -1
5 9 45 1
2 3 45 -1
1 4 45 1
7 9 45 1
3 10 45 1
1 10 45 1
1 6 45 -1
9 10 45 1
4 5 45 -1
8 10 45 1
3 7 45 1
3 9 45 1
4 10 45 1
4 7 45 1
6 7 45 1
2 3 46 -1
1 10 46 1
5 8 46 -1
1 5 46 1
1 2 46 1
1 8 46 -1
1 9 46 1
2 6 46 1
1 4 46 1
1 3 46 1
3 7 46 1
3 4 46 -1
6 7 46 1
3 8 46 -1
2 5 46 1
8 10 46 1
4 7 46 1
2 9 46 -1
8 9 46 1
3 6 46 1
4 9 46 1
5 7 46 1
2 7 46 1
3 9 46 1
3 5 46 1
4 8 46 -1
2 10 46 1
4 10 46 1
5 6 46 -1
2 8 46 -1
5 10 46 -1
1 7 46 1
3 10 46 1
4 5 46 1
6 9 46 -1
4 9 47 -1
1 6 47 1
6 7 47 1
3 6 47 1
2 4 47 1
6 9 47 1
4 5 47 -1
3 9 47 1
1 4 47 1
4 8 47 -1
9 10 47 1
1 10 47 1
1 9 47 1
7 9 47 -1
1 3 47 1
7 8 47 -1
5 6 47 1
1 5 47 1
2 8 47 1
6 10 47 1
1 8 47 1
2 3 47 -1
3 7 47 1
3 10 47 1
8 9 47 1
1 7 47 1
2 9 47 1
6 8 47 -1
4 6 47 -1
5 10 47 1
3 5 47 -1
4 7 47 1
2 5 47 -1
5 7 47 1
3 4 47 1
5 8 48 -1
5 6 48 1
2 10 48 1
3 5 48 1
4 9 48 -1
8 10 48 1
1 8 48 -1
9 10 48 1
1 5 48 -1
5 9 48 -1
4 8 48 -1
3 8 48 -1
3 9 48 -1
6 9 48 -1
2 9 48 -1
4 6 48 1
1 7 48 1
7 9 48 -1
2 5 48 1
3 10 48 1
2 4 48 1
1 3 48 -1
6 10 48 1
7 8 48 -1
1 6 48 -1
4 7 48 1
4 5 48 -1
6 8 48 -1
3 4 48 1
3 6 48 1
1 4 48 -1
1 9 48 -1
2 8 48 -1
2 6 48 1
1 2 48 -1
9 10 49 1
3 4 49 -1
5 10 49 -1
3 10 49 1
2 10 49 -1
2 6 49 1
7 9 49 1
1 4 49 1
5 7 49 -1
1 8 49 1
2 4 49 -1
3 8 49 1
2 3 49 -1
4 6 49 1
1 10 49 1
8 9 49 -1
4 10 49 1
1 6 49 1
6 10 49 -1
1 5 49 1
4 8 49 1
4 9 49 1
1 3 49 1
6 9 49 -1
8 10 49 1
3 5 49 1
5 9 49 -1
6 7 49 -1
1 7 49 1
2 8 49 -1
2 9 49 -1
2 7 49 -1
1 2 49 1
1 9 49 1
3 7 49 -1
1 9 50 1
1 2 50 -1
7 9 50 1
2 5 50 1
2 9 50 1
1 7 50 1
3 5 50 1
6 9 50 -1
5 10 50 -1
3 8 50 1
2 4 50 1
1 4 50 1
3 7 50 1
2 10 50 1
5 6 50 -1
7 8 50 -1
2 6 50 1
5 8 50 -1
3 4 50 1
4 9 50 1
3 9 50 1
9 10 50 1
4 8 50 -1
5 7 50 -1
2 8 50 1
1 6 50 1
5 9 50 -1
8 10 50 1
1 3 50 -1
8 9 50 1
1 10 50 1
4 5 50 1
6 10 50 -1
6 8 50 -1
4 6 50 1
3 6 51 -1
5 7 51 1
2 6 51 1
3 5 51 -1
5 10 51 1
6 8 51 -1
7 8 51 -1
3 7 51 -1
5 9 51 1
8 10 51 1
4 10 51 1
9 10 51 1
1 7 51 1
1 6 51 -1
4 8 51 -1
2 4 51 1
4 7 51 1
6 9 51 1
3 4 51 -1
7 10 51 1
1 10 51 1
2 5 51 1
1 5 51 -1
7 9 51 -1
2 9 51 1
1 8 51 -1
5 6 51 1
2 3 51 1
2 7 51 1
1 3 51 1
3 10 51 -1
2 10 51 1
1 2 51 -1
4 6 51 -1
2 8 51 1
4 6 52 -1
5 6 52 -1
1 8 52 -1
1 9 52 1
6 8 52 1
5 10 52 1
2 6 52 -1
2 3 52 -1
1 10 52 1
2 10 52 1
3 6 52 -1
4 8 52 -1
1 4 52 1
1 2 52 1
2 7 52 1
8 9 52 1
4 10 52 1
6 7 52 1
9 10 52 1
3 5 52 -1
1 6 52 -1
3 4 52 -1
4 5 52 -1
7 8 52 -1
7 10 52 -1
3 8 52 -1
3 9 52 1
5 8 52 -1
8 10 52 1
5 9 52 1
2 8 52 -1
4 7 52 1
3 10 52 1
2 4 52 -1
1 5 52 -1
6 9 53 1
1 9 53 1
4 9 53 -1
5 7 53 1
2 10 53 1
4 5 53 -1
1 8 53 -1
7 8 53 -1
2 3 53 1
3 7 53 -1
3 5 53 -1
3 9 53 1
6 8 53 1
2 5 53 1
1 7 53 -1
2 8 53 1
1 4 53 1
2 4 53 1
4 8 53 -1
6 10 53 1
7 9 53 1
3 8 53 -1
3 4 53 1
5 10 53 1
9 10 53 1
8 9 53 1
5 6 53 -1
2 6 53 1
8 10 53 1
2 9 53 1
7 10 53 1
1 10 53 1
1 2 53 -1
4 7 53 -1
1 3 53 1
6 9 54 1
6 10 54 1
1 2 54 -1
2 3 54 -1
4 7 54 1
6 8 54 1
5 8 54 -1
3 8 54 1
4 5 54 1
3 9 54 1
4 10 54 1
2 9 54 1
7 10 54 1
8 9 54 1
2 5 54 1
1 10 54 -1
2 7 54 1
2 6 54 -1
6 7 54 1
3 5 54 1
8 10 54 1
3 7 54 1
1 6 54 -1
9 10 54 1
4 6 54 -1
5 9 54 -1
5 6 54 -1
2 4 54 1
7 9 54 -1
3 4 54 1
1 7 54 -1
3 6 54 1
1 8 54 -1
1 3 54 -1
4 8 54 -1
5 6 55 1
4 9 55 -1
4 7 55 -1
5 10 55 1
7 8 55 -1
3 5 55 1
2 7 55 -1
1 3 55 -1
9 10 55 1
2 10 55 1
4 8 55 -1
5 7 55 -1
3 9 55 1
7 10 55 1
2 8 55 -1
8 9 55 1
4 6 55 1
6 9 55 -1
7 9 55 -1
2 9 55 -1
3 8 55 1
3 6 55 1
2 4 55 1
5 8 55 -1
4 5 55 -1
2 6 55 1
6 7 55 -1
2 5 55 -1
1 5 55 -1
1 2 55 -1
1 7 55 -1
2 3 55 -1
6 8 55 -1
4 10 55 -1
6 10 55 -1
5 10 56 1
1 2 56 -1
1 3 56 1
2 5 56 1
3 5 56 -1
1 9 56 1
2 6 56 1
9 10 56 1
3 7 56 1
3 10 56 1
3 4 56 -1
7 9 56 -1
2 9 56 1
3 6 56 -1
4 7 56 1
4 6 56 -1
5 7 56 1
7 10 56 1
3 8 56 -1
5 6 56 -1
1 10 56 1
6 9 56 1
6 10 56 1
8 10 56 1
2 3 56 1
1 8 56 -1
2 4 56 1
6 7 56 1
6 8 56 -1
4 9 56 1
5 9 56 1
7 8 56 -1
1 5 56 -1
3 9 56 1
1 7 56 1
5 6 57 -1
1 4 57 1
3 10 57 1
1 7 57 1
3 8 57 1
6 10 57 1
1 2 57 1
3 7 57 1
2 5 57 1
2 7 57 1
1 10 57 1
4 6 57 -1
2 8 57 1
6 8 57 1
4 9 57 1
4 10 57 1
2 3 57 1
2 4 57 1
1 6 57 1
5 10 57 1
5 9 57 1
2 9 57 1
1 9 57 1
5 8 57 1
4 7 57 -1
7 10 57 1
4 5 57 -1
1 3 57 1
8 9 57 1
3 6 57 -1
6 9 57 1
3 9 57 1
9 10 57 1
8 10 57 1
7 8 57 -1
1 8 58 1
4 6 58 -1
1 10 58 -1
3 6 58 -1
7 9 58 -1
5 9 58 -1
7 10 58 -1
2 7 58 -1
4 9 58 -1
2 3 58 -1
1 9 58 -1
5 6 58 -1
1 6 58 -1
6 9 58 1
3 7 58 -1
1 4 58 -1
3 10 58 -1
3 8 58 1
3 5 58 1
8 10 58 -1
5 8 58 -1
4 10 58 -1
8 9 58 -1
3 4 58 -1
3 9 58 -1
1 2 58 -1
5 10 58 -1
2 6 58 -1
6 10 58 1
2 9 58 -1
2 10 58 -1
1 3 58 -1
6 8 58 1
5 7 58 -1
2 8 58 1
2 9 59 -1
1 6 59 -1
7 10 59 1
3 7 59 1
2 7 59 -1
2 3 59 -1
6 9 59 -1
1 7 59 -1
3 4 59 1
8 9 59 1
1 4 59 -1
5 7 59 -1
2 6 59 -1
1 10 59 1
4 10 59 1
3 5 59 1
2 5 59 -1
6 7 59 -1
1 8 59 -1
7 8 59 -1
2 8 59 -1
1 9 59 -1
5 6 59 -1
3 8 59 1
3 10 59 1
1 2 59 1
8 10 59 1
4 9 59 1
3 6 59 1
2 4 59 -1
5 10 59 1
6 8 59 -1
2 10 59 1
6 10 59 1
4 7 59 1
6 10 60 1
1 3 60 -1
3 10 60 1
2 9 60 -1
1 6 60 1
4 5 60 -1
2 5 60 1
2 7 60 1
1 7 60 1
1 4 60 1
4 9 60 -1
1 2 60 -1
3 8 60 -1
2 8 60 -1
5 9 60 -1
4 8 60 -1
3 6 60 1
8 9 60 1
1 8 60 -1
5 7 60 1
3 7 60 1
2 3 60 -1
1 10 60 1
5 10 60 1
4 10 60 1
5 6 60 1
7 10 60 1
2 4 60 1
6 9 60 -1
6 8 60 -1
3 9 60 1
9 10 60 1
7 9 60 -1
2 10 60 1
1 5 60 -1
6 8 61 -1
4 10 61 1
8 10 61 1
5 6 61 -1
6 10 61 1
4 6 61 1
1 9 61 -1
6 9 61 -1
3 6 61 1
9 10 61 1
4 8 61 -1
5 10 61 1
6 7 61 -1
2 6 61 1
3 7 61 -1
1 5 61 1
1 4 61 -1
2 3 61 1
2 8 61 1
1 8 61 -1
4 7 61 -1
2 9 61 1
1 6 61 -1
1 7 61 -1
2 5 61 1
3 8 61 -1
5 9 61 -1
7 9 61 1
3 9 61 1
3 10 61 1
4 5 61 1
5 7 61 -1
3 5 61 1
7 10 61 1
5 8 61 -1
4 5 62 -1
3 7 62 -1
4 6 62 -1
4 9 62 -1
1 4 62 -1
1 3 62 1
2 3 62 1
5 7 62 1
2 4 62 -1
9 10 62 1
8 10 62 1
1 8 62 -1
4 7 62 1
1 6 62 -1
2 5 62 -1
6 8 62 -1
5 8 62 -1
1 10 62 -1
3 9 62 -1
1 7 62 1
5 9 62 1
5 10 62 1
2 10 62 -1
3 6 62 -1
6 10 62 1
3 5 62 -1
2 8 62 -1
1 9 62 -1
8 9 62 1
6 7 62 1
2 7 62 1
5 6 62 -1
4 10 62 -1
4 8 62 -1
6 9 62 1
3 5 63 -1
3 4 63 -1
2 5 63 -1
4 5 63 -1
5 6 63 1
1 8 63 -1
3 8 63 -1
5 9 63 1
6 7 63 -1
8 10 63 1
4 7 63 1
1 10 63 -1
2 7 63 1
4 8 63 1
5 7 63 1
4 9 63 1
8 9 63 1
6 8 63 -1
3 10 63 -1
1 9 63 -1
3 7 63 1
5 8 63 1
3 9 63 1
1 5 63 -1
2 6 63 1
2 8 63 1
2 3 63 1
6 9 63 -1
2 4 63 1
4 10 63 1
9 10 63 -1
1 4 63 -1
1 7 63 1
1 3 63 -1
1 6 63 1
3 9 64 1
2 8 64 -1
8 9 64 1
5 7 64 -1
4 5 64 1
6 8 64 1
2 9 64 -1
3 8 64 -1
9 10 64 -1
4 7 64 -1
1 2 64 1
5 10 64 -1
5 9 64 -1
3 4 64 1
6 10 64 1
2 3 64 -1
5 6 64 -1
1 5 64 1
5 8 64 -1
4 8 64 -1
7 9 64 1
2 6 64 -1
7 10 64 1
6 9 64 1
1 10 64 1
2 7 64 -1
1 3 64 1
3 7 64 -1
4 6 64 -1
4 9 64 1
8 10 64 1
4 10 64 -1
3 6 64 -1
7 8 64 1
1 9 64 1
9 10 65 1
2 3 65 -1
5 7 65 -1
1 6 65 -1
5 10 65 -1
3 9 65 -1
3 4 65 1
8 9 65 1
7 8 65 -1
7 9 65 -1
5 8 65 -1
5 9 65 -1
4 5 65 1
1 4 65 -1
3 8 65 -1
5 6 65 -1
8 10 65 1
2 10 65 1
4 10 65 1
6 7 65 1
6 9 65 1
4 7 65 -1
1 9 65 -1
1 8 65 -1
3 6 65 -1
4 6 65 -1
2 9 65 -1
1 7 65 -1
7 10 65 1
2 5 65 1
2 8 65 -1
2 4 65 -1
1 10 65 1
4 9 65 -1
2 6 65 -1
3 7 66 1
2 8 66 -1
4 10 66 1
3 10 66 1
4 7 66 1
6 9 66 1
3 5 66 -1
5 10 66 1
1 5 66 -1
3 8 66 -1
1 7 66 1
8 9 66 1
1 10 66 1
2 7 66 1
4 5 66 -1
1 9 66 1
7 8 66 -1
1 2 66 1
4 9 66 -1
3 4 66 1
4 8 66 -1
6 8 66 1
5 8 66 1
7 10 66 -1
3 6 66 -1
2 5 66 -1
1 8 66 -1
4 6 66 -1
1 4 66 1
5 7 66 1
6 7 66 1
2 10 66 1
5 9 66 1
1 3 66 1
9 10 66 1
5 8 67 1
3 7 67 -1
8 9 67 1
4 5 67 -1
8 10 67 1
7 9 67 -1
1 3 67 1
4 6 67 -1
1 2 67 1
2 10 67 1
6 10 67 1
2 7 67 -1
5 6 67 1
6 8 67 -1
2 6 67 1
7 10 67 1
2 3 67 1
1 7 67 1
3 6 67 1
2 5 67 -1
1 9 67 1
2 8 67 -1
1 4 67 1
3 4 67 1
1 5 67 -1
4 8 67 -1
6 9 67 -1
5 10 67 1
1 6 67 1
5 9 67 1
4 9 67 -1
5 7 67 1
3 10 67 1
4 7 67 -1
4 10 67 -1
2 4 68 1
3 10 68 1
2 6 68 1
2 5 68 1
1 5 68 -1
8 9 68 1
7 9 68 -1
5 8 68 -1
2 9 68 1
1 8 68 -1
3 9 68 -1
5 10 68 1
2 7 68 1
6 10 68 -1
8 10 68 1
1 4 68 1
7 10 68 1
3 7 68 1
6 8 68 -1
4 9 68 -1
6 9 68 -1
1 9 68 -1
9 10 68 1
5 6 68 1
5 9 68 1
3 6 68 1
2 8 68 -1
3 5 68 -1
4 8 68 -1
1 6 68 1
4 7 68 -1
2 10 68 1
5 7 68 1
4 6 68 -1
6 7 68 -1
6 8 69 -1
8 10 69 1
5 6 69 1
6 10 69 -1
5 10 69 1
3 10 69 1
1 2 69 -1
3 4 69 -1
4 6 69 1
1 6 69 1
1 8 69 -1
4 5 69 -1
3 9 69 1
5 9 69 1
3 5 69 -1
4 9 69 1
2 10 69 1
2 5 69 -1
8 9 69 1
1 10 69 1
4 10 69 1
1 9 69 1
5 8 69 1
1 5 69 -1
3 8 69 -1
5 7 69 1
1 3 69 1
1 4 69 -1
7 8 69 -1
2 3 69 1
2 8 69 1
4 7 69 1
3 6 69 1
2 7 69 1
6 9 69 -1
2 4 70 -1
3 8 70 -1
4 8 70 -1
2 6 70 1
6 7 70 1
1 7 70 1
3 5 70 1
5 9 70 1
3 9 70 1
1 4 70 1
5 7 70 1
4 9 70 1
1 5 70 1
4 7 70 1
9 10 70 1
7 10 70 1
8 10 70 1
3 6 70 1
6 8 70 -1
4 10 70 1
2 3 70 -1
6 9 70 1
2 10 70 1
2 9 70 1
7 9 70 -1
4 5 70 1
5 10 70 1
1 2 70 1
6 10 70 1
1 3 70 1
1 9 70 1
4 6 70 1
2 5 70 1
3 10 70 1
3 7 70 1
2 3 71 -1
1 9 71 1
3 10 71 1
2 6 71 1
1 4 71 1
2 7 71 -1
6 7 71 -1
1 2 71 1
4 10 71 1
5 8 71 -1
4 6 71 1
1 3 71 -1
1 8 71 -1
6 8 71 -1
3 5 71 1
1 5 71 1
2 10 71 -1
3 8 71 -1
4 5 71 1
2 9 71 -1
3 4 71 1
5 9 71 -1
3 7 71 1
3 6 71 1
6 9 71 -1
5 7 71 -1
7 10 71 1
9 10 71 1
5 6 71 -1
1 7 71 1
4 9 71 -1
2 4 71 -1
2 5 71 1
8 10 71 1
7 8 71 -1
5 9 72 -1
1 5 72 1
6 7 72 1
2 4 72 -1
1 3 72 1
3 8 72 -1
3 6 72 -1
2 9 72 -1
4 10 72 1
5 8 72 -1
3 7 72 1
4 7 72 1
1 8 72 1
6 9 72 1
5 7 72 -1
2 8 72 -1
3 5 72 1
8 10 72 1
1 2 72 1
2 3 72 -1
8 9 72 1
3 4 72 -1
4 8 72 -1
1 4 72 1
1 7 72 1
1 9 72 1
4 5 72 1
3 10 72 1
3 9 72 1
5 10 72 -1
2 6 72 -1
6 8 72 1
1 6 72 -1
4 6 72 -1
2 10 72 -1
2 5 73 1
5 9 73 1
3 6 73 1
2 8 73 1
2 7 73 1
3 5 73 1
1 5 73 -1
1 7 73 -1
4 6 73 -1
6 10 73 1
1 8 73 -1
3 8 73 1
5 6 73 1
2 10 73 1
1 6 73 1
7 8 73 -1
6 7 73 -1
7 10 73 1
6 9 73 -1
7 9 73 1
3 9 73 1
1 2 73 -1
5 7 73 -1
2 3 73 1
4 8 73 -1
9 10 73 1
3 4 73 1
4 10 73 1
5 10 73 1
1 9 73 1
3 7 73 1
6 8 73 -1
2 6 73 1
4 5 73 -1
8 10 73 1
3 4 74 1
4 10 74 1
5 9 74 -1
1 7 74 1
8 9 74 1
6 7 74 -1
6 9 74 -1
2 6 74 1
3 7 74 1
7 9 74 -1
2 8 74 -1
4 8 74 -1
1 6 74 1
1 4 74 1
4 7 74 1
5 7 74 -1
3 10 74 1
7 8 74 -1
3 5 74 1
1 3 74 1
2 10 74 -1
3 6 74 1
3 8 74 -1
2 5 74 1
1 10 74 1
2 3 74 -1
6 10 74 -1
5 6 74 -1
5 10 74 -1
1 8 74 1
7 10 74 -1
1 2 74 1
2 7 74 -1
1 5 74 1
4 5 74 1
5 6 75 1
5 10 75 1
1 9 75 -1
4 10 75 1
8 10 75 1
4 6 75 -1
1 8 75 -1
3 5 75 -1
9 10 75 1
3 6 75 -1
2 6 75 -1
1 3 75 -1
6 10 75 1
1 10 75 1
1 2 75 1
2 7 75 1
2 5 75 -1
1 6 75 -1
7 8 75 -1
4 9 75 -1
6 9 75 1
6 7 75 1
7 9 75 -1
3 10 75 1
1 4 75 1
5 8 75 1
2 3 75 -1
5 9 75 1
1 7 75 1
2 4 75 1
2 9 75 -1
4 5 75 -1
8 9 75 1
3 7 75 1
6 8 75 -1
7 10 76 1
6 8 76 -1
5 9 76 -1
1 2 76 -1
1 9 76 -1
4 10 76 -1
7 8 76 -1
5 7 76 -1
3 6 76 1
6 7 76 1
4 9 76 -1
1 4 76 1
2 5 76 1
5 8 76 -1
4 6 76 -1
6 9 76 1
8 9 76 1
3 8 76 -1
5 6 76 -1
2 9 76 1
2 6 76 -1
4 7 76 -1
6 10 76 1
9 10 76 1
3 7 76 1
2 4 76 1
3 5 76 1
1 6 76 -1
1 7 76 -1
2 3 76 -1
1 5 76 1
1 10 76 -1
2 8 76 -1
8 10 76 1
4 8 76 -1
3 5 77 1
3 10 77 1
7 9 77 -1
6 7 77 -1
4 5 77 1
7 10 77 1
2 6 77 1
2 4 77 1
3 6 77 1
3 7 77 1
5 6 77 1
2 3 77 -1
2 10 77 1
8 10 77 1
1 3 77 -1
1 10 77 -1
2 8 77 -1
6 10 77 -1
5 9 77 -1
2 7 77 1
3 9 77 1
1 2 77 -1
6 8 77 -1
9 10 77 1
2 9 77 1
2 5 77 1
6 9 77 -1
3 4 77 1
1 6 77 1
4 10 77 1
4 8 77 -1
1 7 77 -1
5 7 77 -1
4 7 77 1
4 9 77 -1
3 6 78 -1
5 7 78 1
2 8 78 1
3 7 78 -1
2 3 78 1
3 9 78 1
3 5 78 -1
7 8 78 1
3 4 78 -1
2 6 78 1
5 6 78 1
6 8 78 1
1 8 78 1
1 7 78 -1
7 9 78 1
1 3 78 1
6 10 78 1
1 2 78 -1
9 10 78 1
1 4 78 1
1 9 78 1
5 8 78 1
1 6 78 1
2 9 78 1
8 10 78 1
3 10 78 1
2 5 78 -1
5 9 78 1
6 7 78 -1
4 10 78 1
2 7 78 1
5 10 78 1
1 5 78 -1
4 6 78 -1
7 10 78 1
1 10 79 1
5 9 79 1
1 8 79 -1
5 8 79 1
8 9 79 1
4 8 79 1
3 10 79 1
1 3 79 -1
3 5 79 -1
4 6 79 1
4 5 79 -1
2 10 79 1
5 10 79 1
5 6 79 1
1 6 79 -1
4 7 79 1
2 4 79 1
2 9 79 1
3 4 79 -1
7 10 79 1
6 7 79 1
1 9 79 1
1 5 79 -1
6 10 79 1
1 4 79 -1
3 7 79 -1
2 3 79 1
6 9 79 1
9 10 79 1
5 7 79 1
4 9 79 1
3 9 79 1
2 5 79 -1
1 7 79 -1
2 6 79 1
1 7 80 1
3 10 80 1
6 10 80 1
2 3 80 -1
7 9 80 -1
3 4 80 1
1 9 80 -1
2 9 80 -1
4 7 80 1
8 9 80 1
1 5 80 -1
7 10 80 -1
4 5 80 -1
5 10 80 1
2 6 80 -1
1 6 80 -1
4 8 80 -1
1 4 80 1
3 8 80 -1
5 7 80 1
2 10 80 1
1 10 80 1
2 8 80 -1
1 2 80 1
5 9 80 -1
3 9 80 -1
2 5 80 -1
3 5 80 -1
1 8 80 -1
6 7 80 1
4 6 80 -1
5 8 80 -1
4 10 80 1
4 9 80 -1
3 7 80 1
8 9 81 1
7 8 81 1
1 7 81 1
5 6 81 -1
3 5 81 -1
9 10 81 1
8 10 81 1
2 9 81 1
4 6 81 -1
7 10 81 1
1 10 81 1
6 10 81 1
4 10 81 1
4 8 81 -1
3 4 81 -1
1 5 81 1
2 6 81 -1
2 8 81 -1
1 9 81 1
4 7 81 -1
2 4 81 1
2 7 81 -1
2 3 81 1
2 10 81 1
1 3 81 1
2 5 81 1
3 6 81 -1
4 9 81 1
7 9 81 1
1 8 81 1
1 4 81 1
3 10 81 1
3 7 81 -1
5 9 81 1
3 9 81 1
4 9 82 -1
5 9 82 1
6 10 82 1
1 2 82 1
6 9 82 1
1 8 82 -1
7 9 82 1
2 8 82 -1
1 7 82 1
1 6 82 -1
3 10 82 1
5 10 82 1
4 8 82 -1
7 10 82 -1
1 3 82 -1
3 6 82 -1
8 10 82 1
5 8 82 1
1 5 82 -1
3 9 82 1
2 7 82 -1
2 6 82 -1
2 4 82 -1
6 8 82 1
1 4 82 1
8 9 82 1
4 10 82 -1
7 8 82 -1
4 6 82 -1
3 5 82 -1
5 7 82 1
1 9 82 1
4 5 82 -1
4 7 82 -1
6 7 82 1
7 9 83 -1
2 4 83 -1
3 9 83 1
1 3 83 -1
4 5 83 -1
4 7 83 1
2 5 83 -1
4 9 83 -1
4 8 83 -1
5 9 83 1
1 9 83 -1
2 9 83 -1
1 4 83 -1
2 10 83 1
5 10 83 1
5 6 83 1
8 10 83 1
2 3 83 -1
8 9 83 1
5 8 83 1
3 7 83 1
3 4 83 1
6 10 83 1
6 9 83 1
2 7 83 1
1 8 83 -1
4 10 83 1
3 5 83 -1
3 8 83 -1
9 10 83 1
6 7 83 1
7 8 83 -1
5 7 83 1
2 8 83 -1
1 5 83 -1
6 10 84 1
4 10 84 1
2 9 84 -1
1 6 84 -1
6 7 84 -1
5 10 84 1
2 10 84 1
7 10 84 1
1 9 84 -1
4 7 84 -1
4 8 84 -1
7 8 84 -1
3 8 84 -1
6 9 84 -1
4 9 84 -1
3 6 84 -1
1 4 84 -1
1 10 84 1
1 7 84 -1
3 10 84 1
3 4 84 1
6 8 84 -1
2 6 84 -1
3 7 84 -1
1 8 84 -1
4 6 84 -1
5 8 84 -1
5 9 84 -1
1 5 84 1
8 10 84 1
5 7 84 -1
2 5 84 1
2 3 84 1
1 2 84 -1
5 6 84 -1
8 10 85 1
3 6 85 -1
4 6 85 -1
4 5 85 -1
2 8 85 -1
1 10 85 1
2 4 85 1
6 10 85 1
2 10 85 1
1 9 85 -1
4 7 85 -1
3 7 85 1
8 9 85 1
5 8 85 1
2 7 85 1
4 8 85 -1
1 3 85 -1
1 5 85 -1
2 6 85 -1
9 10 85 1
3 9 85 -1
3 8 85 -1
7 10 85 1
7 9 85 -1
5 9 85 1
3 4 85 1
1 7 85 1
1 4 85 1
6 8 85 -1
5 10 85 1
3 5 85 -1
7 8 85 -1
6 7 85 1
5 6 85 1
1 8 85 -1
1 6 86 1
2 8 86 1
5 6 86 1
3 7 86 1
8 9 86 1
1 10 86 1
3 9 86 1
5 9 86 1
2 6 86 1
4 7 86 1
5 7 86 1
9 10 86 1
2 3 86 1
2 4 86 1
5 8 86 -1
1 2 86 -1
5 10 86 1
3 10 86 1
1 5 86 1
3 8 86 1
1 8 86 -1
3 4 86 1
1 4 86 1
6 8 86 -1
3 6 86 1
4 5 86 1
2 7 86 1
8 10 86 1
6 9 86 -1
7 8 86 -1
6 10 86 -1
7 10 86 -1
1 7 86 1
4 6 86 1
7 9 86 -1
8 9 87 1
6 8 87 -1
1 2 87 -1
1 10 87 1
4 9 87 1
4 7 87 1
6 7 87 -1
3 10 87 1
3 7 87 1
8 10 87 1
2 10 87 1
5 8 87 -1
4 6 87 1
5 9 87 -1
4 10 87 1
7 9 87 1
2 7 87 1
2 3 87 1
7 8 87 -1
4 8 87 1
2 9 87 1
1 8 87 1
6 9 87 -1
2 6 87 1
3 4 87 -1
2 8 87 1
4 5 87 1
2 4 87 -1
1 6 87 1
5 10 87 -1
1 9 87 1
5 7 87 -1
5 6 87 -1
3 6 87 1
1 3 87 -1
1 3 88 -1
1 8 88 1
3 4 88 1
1 9 88 1
2 5 88 1
5 10 88 1
4 6 88 -1
6 7 88 -1
2 7 88 1
1 7 88 1
5 7 88 1
9 10 88 1
3 7 88 1
8 10 88 1
7 8 88 -1
2 3 88 -1
2 6 88 1
4 5 88 -1
4 10 88 1
1 10 88 1
4 7 88 -1
3 10 88 1
3 6 88 1
7 10 88 1
2 8 88 1
6 9 88 1
1 4 88 1
5 6 88 1
6 10 88 1
6 8 88 -1
7 9 88 1
3 8 88 1
2 10 88 1
1 6 88 1
1 5 88 1
2 4 89 -1
2 8 89 -1
8 9 89 1
1 9 89 -1
3 8 89 -1
1 10 89 1
5 10 89 1
3 10 89 1
6 9 89 1
4 10 89 1
1 6 89 -1
2 10 89 -1
5 9 89 1
2 7 89 -1
4 9 89 1
2 6 89 -1
3 7 89 1
5 8 89 1
4 6 89 1
1 5 89 -1
4 5 89 -1
7 8 89 -1
1 4 89 -1
7 10 89 1
2 5 89 -1
6 10 89 1
1 2 89 1
1 3 89 -1
2 3 89 -1
5 6 89 1
9 10 89 1
4 8 89 -1
3 9 89 1
6 8 89 -1
1 8 89 -1
2 9 90 -1
4 6 90 -1
8 10 90 1
3 10 90 1
5 10 90 1
4 9 90 1
6 10 90 1
4 10 90 1
1 3 90 -1
4 7 90 1
2 7 90 -1
3 9 90 -1
2 3 90 -1
1 4 90 -1
3 5 90 1
2 10 90 -1
5 6 90 -1
1 7 90 1
5 7 90 1
6 9 90 1
2 6 90 -1
1 9 90 -1
8 9 90 1
4 5 90 1
1 6 90 -1
1 2 90 1
1 5 90 -1
2 8 90 -1
2 5 90 -1
7 8 90 -1
7 9 90 -1
6 8 90 1
5 9 90 -1
1 10 90 1
5 8 90 -1
3 6 91 1
1 8 91 -1
1 7 91 1
3 7 91 1
7 8 91 -1
4 8 91 -1
9 10 91 1
7 9 91 -1
2 6 91 -1
2 4 91 1
5 10 91 1
1 10 91 1
4 5 91 -1
2 8 91 -1
3 10 91 1
6 9 91 -1
5 8 91 -1
8 9 91 1
4 6 91 -1
3 9 91 1
1 9 91 -1
3 5 91 1
5 7 91 1
2 9 91 -1
1 6 91 -1
5 6 91 -1
4 9 91 -1
1 4 91 1
4 7 91 -1
3 8 91 -1
3 4 91 1
1 5 91 1
2 10 91 1
8 10 91 1
6 7 91 1
8 9 92 1
7 8 92 -1
5 6 92 -1
2 5 92 -1
1 9 92 1
2 6 92 -1
6 8 92 -1
1 4 92 1
1 5 92 1
4 7 92 1
3 5 92 1
6 10 92 1
8 10 92 1
1 3 92 -1
2 3 92 -1
6 9 92 1
4 8 92 -1
2 7 92 1
7 10 92 1
3 10 92 1
4 6 92 -1
2 9 92 1
1 2 92 1
9 10 92 1
5 8 92 -1
4 9 92 1
7 9 92 1
1 8 92 -1
1 7 92 1
5 7 92 1
1 6 92 -1
2 8 92 -1
2 10 92 1
3 7 92 1
5 10 92 1
5 8 93 -1
2 8 93 -1
1 10 93 1
3 7 93 1
1 7 93 1
4 10 93 1
2 9 93 1
4 7 93 1
2 6 93 1
2 10 93 1
6 7 93 1
3 8 93 1
1 4 93 1
3 4 93 1
7 9 93 1
4 8 93 -1
4 5 93 1
6 8 93 -1
5 9 93 -1
1 8 93 -1
3 10 93 1
1 6 93 1
5 10 93 -1
1 5 93 1
5 6 93 -1
4 9 93 1
2 5 93 1
3 9 93 1
2 7 93 1
9 10 93 1
5 7 93 -1
7 10 93 1
8 10 93 1
7 8 93 -1
6 10 93 1
2 4 94 -1
4 9 94 1
7 8 94 1
4 10 94 1
2 3 94 1
2 6 94 1
1 2 94 1
1 6 94 1
4 7 94 1
1 8 94 1
3 10 94 1
8 10 94 1
6 10 94 1
1 3 94 1
1 4 94 1
4 5 94 1
3 5 94 1
5 8 94 -1
1 7 94 1
8 9 94 -1
5 10 94 1
3 7 94 -1
4 8 94 1
7 9 94 1
2 9 94 1
7 10 94 1
3 4 94 -1
1 5 94 1
2 7 94 -1
9 10 94 1
2 8 94 1
6 9 94 -1
5 7 94 -1
2 5 94 1
2 10 94 1
1 7 95 1
6 9 95 -1
4 6 95 1
1 10 95 1
3 5 95 1
6 10 95 -1
7 10 95 1
5 7 95 -1
4 9 95 -1
8 10 95 1
1 8 95 1
3 7 95 1
6 8 95 -1
3 8 95 1
3 4 95 1
3 10 95 1
1 6 95 1
1 9 95 1
1 4 95 1
7 9 95 -1
5 8 95 -1
5 9 95 -1
1 2 95 1
1 5 95 1
4 10 95 1
3 6 95 1
2 8 95 -1
3 9 95 1
1 3 95 1
2 4 95 -1
2 5 95 1
6 7 95 -1
8 9 95 -1
4 8 95 -1
4 5 95 1
1 2 96 -1
8 9 96 1
4 6 96 -1
6 10 96 1
3 5 96 1
2 8 96 1
3 9 96 1
5 7 96 -1
7 10 96 1
6 7 96 -1
1 8 96 -1
1 10 96 1
4 5 96 1
5 9 96 -1
2 6 96 1
3 8 96 -1
2 9 96 1
6 8 96 -1
1 4 96 1
1 5 96 1
4 10 96 1
2 3 96 1
2 4 96 1
9 10 96 1
3 4 96 1
4 7 96 -1
6 9 96 1
2 7 96 1
2 10 96 1
7 8 96 1
3 6 96 -1
2 5 96 1
7 9 96 1
4 9 96 -1
4 8 96 -1
1 5 97 1
2 7 97 1
2 8 97 -1
2 9 97 -1
1 7 97 1
2 5 97 1
5 7 97 1
3 10 97 1
3 9 97 -1
1 6 97 -1
1 2 97 1
1 8 97 -1
7 8 97 -1
1 4 97 -1
3 8 97 -1
6 7 97 1
7 9 97 -1
7 10 97 1
8 10 97 1
5 8 97 -1
1 10 97 1
9 10 97 1
1 3 97 1
3 4 97 -1
2 3 97 -1
6 8 97 -1
3 6 97 -1
8 9 97 1
5 10 97 1
4 9 97 1
1 9 97 1
4 8 97 -1
4 6 97 -1
2 10 97 1
4 7 97 1
8 9 98 1
3 7 98 1
2 4 98 1
7 9 98 -1
2 7 98 1
2 9 98 1
6 8 98 -1
5 6 98 1
4 10 98 1
2 3 98 -1
1 10 98 1
9 10 98 1
1 4 98 -1
1 8 98 -1
6 9 98 -1
2 10 98 1
3 8 98 1
5 8 98 -1
3 5 98 1
4 8 98 -1
3 9 98 1
3 6 98 1
1 7 98 1
3 4 98 1
4 9 98 1
5 10 98 1
2 6 98 1
1 5 98 1
1 2 98 -1
8 10 98 1
5 7 98 1
4 7 98 1
2 5 98 1
2 8 98 1
6 10 98 1
2 10 99 1
6 8 99 -1
4 6 99 -1
1 5 99 -1
3 10 99 1
9 10 99 1
1 6 99 1
1 4 99 1
1 3 99 1
5 8 99 1
6 7 99 1
8 10 99 1
4 8 99 -1
1 8 99 -1
6 10 99 1
6 9 99 1
2 8 99 1
4 5 99 -1
2 5 99 -1
7 9 99 -1
2 6 99 1
1 9 99 1
4 9 99 1
2 9 99 1
2 4 99 1
3 8 99 -1
1 2 99 -1
3 6 99 -1
3 4 99 -1
2 7 99 1
3 7 99 1
1 7 99 1
4 10 99 1
1 10 99 1
7 10 99 1
6 9 100 -1
4 7 100 1
3 6 100 1
1 2 100 -1
2 6 100 1
6 7 100 1
1 10 100 1
5 10 100 1
4 9 100 -1
6 8 100 -1
5 7 100 1
8 10 100 1
4 6 100 1
2 4 100 1
9 10 100 1
1 7 100 1
1 3 100 1
4 8 100 -1
7 8 100 -1
1 9 100 1
5 6 100 1
8 9 100 1
2 9 100 1
5 9 100 1
1 8 100 -1
2 10 100 1
3 7 100 1
3 8 100 -1
1 4 100 1
1 6 100 1
7 10 100 -1
6 10 100 1
2 5 100 1
3 9 100 1
1 5 100 -1
