2 5 1 -1
2 3 1 -1
3 5 1 -1
3 7 1 1
2 6 1 -1
3 7 2 1
1 7 2 1
1 3 2 1
6 7 2 -1
5 7 2 1
7 10 3 1
7 9 3 1
4 10 3 1
3 4 3 -1
6 8 3 1
2 3 4 1
6 9 4 1
5 7 4 1
2 9 4 1
2 10 4 1
2 10 5 1
2 3 5 -1
1 5 5 1
3 10 5 1
1 2 5 1
7 9 6 -1
1 9 6 1
1 6 6 1
1 4 6 -1
2 7 6 1
7 8 7 -1
9 10 7 1
6 8 7 -1
8 10 7 1
2 9 7 -1
4 5 8 1
3 4 8 1
2 10 8 1
6 9 8 -1
3 7 8 1
3 9 9 1
8 10 9 1
4 5 9 1
1 10 9 1
4 8 9 1
1 7 10 1
2 7 10 1
2 5 10 1
6 9 10 1
4 10 10 1
8 9 11 1
1 6 11 -1
1 2 11 -1
5 10 11 -1
3 4 11 -1
7 10 12 1
8 9 12 1
5 9 12 -1
6 8 12 1
4 6 12 -1
1 7 13 -1
4 9 13 -1
1 4 13 1
6 7 13 -1
1 9 13 -1
1 5 14 1
3 8 14 -1
8 9 14 -1
7 8 14 -1
5 7 14 1
2 7 15 1
6 8 15 -1
4 5 15 -1
9 10 15 1
2 8 15 1
5 6 16 -1
5 7 16 -1
8 10 16 1
6 10 16 1
2 10 16 1
3 5 17 -1
3 8 17 1
5 9 17 1
1 5 17 -1
6 7 17 -1
4 10 18 1
2 6 18 1
3 5 18 1
4 5 18 1
3 6 18 1
2 10 19 1
2 6 19 -1
5 10 19 1
5 9 19 1
1 9 19 1
5 8 20 -1
5 10 20 1
2 8 20 -1
3 7 20 1
6 8 20 -1
1 6 21 1
3 8 21 1
2 4 21 1
3 4 21 1
5 10 21 1
2 10 22 1
4 5 22 -1
1 9 22 1
3 8 22 -1
4 10 22 1
1 2 23 -1
6 7 23 1
9 10 23 1
6 8 23 -1
5 9 23 -1
7 10 24 1
7 9 24 1
7 8 24 1
2 4 24 -1
2 8 24 1
7 9 25 1
5 7 25 -1
2 6 25 -1
3 5 25 1
5 9 25 -1
4 7 26 -1
2 3 26 -1
5 10 26 1
4 5 26 -1
5 7 26 1
5 9 27 -1
2 3 27 1
3 8 27 -1
4 8 27 -1
5 6 27 1
2 9 28 1
2 8 28 -1
5 6 28 -1
3 4 28 1
4 6 28 -1
3 6 29 1
7 9 29 1
2 7 29 -1
4 7 29 -1
3 5 29 1
6 9 30 -1
4 5 30 -1
5 9 30 -1
3 4 30 1
5 8 30 1
1 4 31 -1
2 5 31 1
3 7 31 1
2 10 31 1
1 2 31 1
3 4 32 1
8 10 32 1
4 6 32 -1
2 6 32 -1
1 10 32 1
3 9 33 1
8 9 33 1
4 5 33 -1
1 5 33 -1
1 2 33 1
3 8 34 1
1 6 34 1
5 10 34 -1
4 10 34 1
7 8 34 -1
6 9 35 1
1 5 35 -1
3 7 35 1
4 6 35 -1
2 4 35 1
2 10 36 1
3 4 36 -1
4 8 36 1
5 6 36 -1
3 10 36 -1
2 6 37 -1
6 10 37 -1
1 6 37 1
5 10 37 1
4 9 37 1
4 5 38 -1
2 6 38 -1
1 8 38 -1
4 6 38 1
3 5 38 -1
6 7 39 1
5 6 39 1
1 3 39 -1
1 2 39 -1
2 3 39 1
3 9 40 1
3 8 40 -1
2 10 40 1
2 8 40 -1
5 6 40 1
5 6 41 -1
9 10 41 -1
8 10 41 -1
1 4 41 1
7 10 41 -1
6 8 42 -1
4 9 42 1
1 10 42 1
4 6 42 1
3 10 42 1
6 8 43 -1
2 9 43 1
2 3 43 1
2 5 43 1
1 2 43 -1
4 5 44 1
2 6 44 1
5 8 44 -1
1 9 44 1
5 9 44 -1
1 9 45 1
6 7 45 1
9 10 45 1
5 7 45 1
1 6 45 -1
3 5 46 1
7 10 46 -1
1 3 46 1
8 9 46 1
7 9 46 -1
7 9 47 -1
7 10 47 1
2 9 47 1
2 6 47 1
1 4 47 1
3 7 48 1
3 6 48 1
1 7 48 1
5 9 48 -1
1 10 48 1
3 4 49 -1
5 10 49 -1
5 9 49 -1
3 5 49 1
1 3 49 1
3 4 50 1
2 5 50 1
1 7 50 1
2 4 50 1
5 9 50 -1
2 5 51 1
1 4 51 1
4 9 51 -1
7 8 51 -1
3 9 51 -1
3 9 52 1
2 8 52 -1
2 5 52 -1
1 10 52 1
6 8 52 1
1 10 53 1
2 6 53 1
2 8 53 1
1 7 53 -1
4 7 53 -1
3 7 54 1
3 10 54 1
1 8 54 -1
5 7 54 1
6 10 54 1
2 10 55 1
2 4 55 1
3 9 55 1
3 5 55 1
1 3 55 -1
3 6 56 -1
6 8 56 -1
4 9 56 1
2 6 56 1
5 7 56 1
4 10 57 1
1 4 57 1
5 8 57 1
2 10 57 1
8 9 57 1
1 7 58 -1
4 6 58 -1
5 9 58 -1
4 10 58 -1
2 9 58 -1
1 4 59 -1
4 10 59 1
1 5 59 -1
3 7 59 1
3 9 59 1
1 2 60 -1
5 10 60 1
2 10 60 1
1 4 60 1
1 10 60 1
1 3 61 -1
5 7 61 -1
1 7 61 -1
4 7 61 -1
2 8 61 1
2 7 62 1
6 9 62 1
7 9 62 -1
5 8 62 -1
5 6 62 -1
1 5 63 -1
2 7 63 1
5 7 63 1
8 9 63 1
1 6 63 1
1 7 64 1
3 6 64 -1
5 6 64 -1
1 4 64 1
1 9 64 1
7 9 65 -1
1 2 65 -1
3 8 65 -1
4 6 65 -1
5 7 65 -1
2 3 66 -1
2 6 66 -1
1 6 66 -1
3 10 66 1
6 9 66 1
1 10 67 1
8 10 67 1
5 9 67 1
1 5 67 -1
2 10 67 1
3 6 68 1
1 10 68 1
6 7 68 -1
4 9 68 -1
3 5 68 -1
1 10 69 1
8 10 69 1
1 3 69 1
3 9 69 1
5 10 69 1
2 4 70 -1
5 9 70 1
8 9 70 1
2 3 70 -1
6 10 70 1
5 9 71 -1
3 10 71 1
3 9 71 1
6 8 71 -1
5 8 71 -1
2 8 72 -1
2 10 72 -1
4 7 72 1
8 10 72 1
3 8 72 -1
7 10 73 1
2 3 73 1
1 6 73 1
2 6 73 1
5 8 73 -1
5 8 74 -1
4 6 74 1
4 7 74 1
7 9 74 -1
4 5 74 1
1 8 75 -1
1 2 75 1
1 6 75 -1
2 9 75 -1
3 9 75 1
2 10 76 1
3 6 76 1
4 10 76 -1
5 10 76 -1
4 6 76 -1
2 3 77 -1
6 8 77 -1
3 5 77 1
4 7 77 1
1 4 77 -1
7 9 78 1
1 7 78 -1
6 10 78 1
1 5 78 -1
6 9 78 1
4 9 79 1
4 5 79 -1
4 7 79 1
3 10 79 1
3 6 79 -1
2 10 80 1
7 9 80 -1
4 8 80 -1
6 7 80 1
3 10 80 1
4 7 81 -1
1 3 81 1
2 6 81 -1
6 8 81 -1
4 5 81 1
3 7 82 1
2 3 82 -1
5 8 82 1
1 8 82 -1
4 7 82 -1
1 7 83 -1
1 9 83 -1
4 8 83 -1
7 10 83 1
4 7 83 1
2 3 84 1
2 10 84 1
4 5 84 1
1 6 84 -1
1 8 84 -1
3 5 85 -1
2 8 85 -1
4 8 85 -1
4 7 85 -1
3 4 85 1
3 7 86 1
2 4 86 1
6 10 86 -1
3 4 86 1
4 8 86 -1
6 10 87 -1
7 10 87 1
2 9 87 1
2 8 87 1
4 8 87 1
2 8 88 1
3 5 88 1
3 4 88 1
8 9 88 1
6 8 88 -1
1 5 89 -1
2 9 89 -1
4 7 89 1
1 10 89 1
2 3 89 -1
8 9 90 1
2 6 90 -1
2 5 90 -1
4 5 90 1
6 10 90 1
5 8 91 -1
3 6 91 1
2 7 91 1
6 9 91 -1
5 10 91 1
1 10 92 1
6 10 92 1
3 7 92 1
1 5 92 1
8 9 92 1
1 5 93 1
1 8 93 -1
4 10 93 1
5 6 93 -1
4 7 93 1
9 10 94 1
3 9 94 -1
5 10 94 1
2 3 94 1
6 9 94 -1
3 8 95 1
4 10 95 1
4 8 95 -1
5 9 95 -1
1 4 95 1
1 10 96 1
7 8 96 1
3 5 96 1
4 8 96 -1
2 3 96 1
3 6 97 -1
4 9 97 1
2 4 97 -1
8 9 97 1
1 7 97 1
6 7 98 1
3 10 98 1
2 10 98 1
5 8 98 -1
1 9 98 1
2 8 99 1
4 8 99 -1
8 9 99 1
3 6 99 -1
8 10 99 1
3 7 100 1
5 7 100 1
2 4 100 1
9 10 100 1
2 3 100 1
