5 7 1 1
2 6 1 -1
3 6 1 -1
6 10 1 1
5 10 1 1
5 10 2 1
4 10 2 1
3 10 2 1
2 10 2 1
4 8 2 1
1 9 3 1
4 9 3 1
2 5 3 1
6 7 3 -1
3 6 3 -1
5 9 4 1
1 2 4 1
4 8 4 -1
1 7 4 1
4 9 4 -1
4 8 5 -1
2 6 5 -1
1 10 5 1
2 7 5 -1
3 10 5 1
1 3 6 1
2 6 6 1
5 7 6 1
3 7 6 1
1 4 6 -1
9 10 7 1
1 10 7 1
3 8 7 -1
4 10 7 1
1 5 7 -1
3 5 8 1
2 4 8 1
7 9 8 -1
9 10 8 1
8 9 8 1
1 9 9 1
7 8 9 1
5 8 9 -1
2 8 9 -1
2 6 9 -1
4 6 10 -1
3 6 10 1
1 7 10 1
1 6 10 -1
2 3 10 -1
5 10 11 -1
1 8 11 -1
5 8 11 -1
2 8 11 -1
6 9 11 1
1 6 12 -1
5 10 12 -1
6 8 12 1
2 8 12 -1
4 6 12 -1
6 7 13 -1
3 10 13 1
4 9 13 -1
2 5 13 1
8 9 13 1
7 10 14 1
3 4 14 1
9 10 14 1
3 5 14 1
6 7 14 1
5 10 15 1
4 7 15 -1
5 6 15 1
3 9 15 -1
1 10 15 1
1 2 16 1
9 10 16 1
1 7 16 1
3 5 16 1
2 5 16 1
2 5 17 -1
7 9 17 -1
4 5 17 -1
2 3 17 1
7 10 17 -1
3 7 18 1
2 7 18 1
3 10 18 1
6 7 18 -1
8 10 18 1
3 6 19 -1
9 10 19 -1
8 10 19 1
2 5 19 -1
2 9 19 1
9 10 20 1
8 9 20 1
1 2 20 -1
1 3 20 -1
1 8 20 -1
5 10 21 1
6 10 21 1
5 6 21 1
2 3 21 1
6 8 21 -1
4 9 22 -1
6 8 22 -1
1 8 22 -1
4 8 22 -1
1 7 22 1
5 9 23 -1
2 4 23 1
2 7 23 1
4 7 23 -1
5 7 23 -1
4 5 24 1
1 2 24 -1
3 8 24 -1
2 10 24 1
1 3 24 1
1 4 25 -1
3 9 25 1
4 7 25 -1
5 7 25 -1
1 9 25 -1
7 10 26 1
3 10 26 1
4 7 26 -1
1 3 26 -1
7 8 26 -1
3 10 27 1
1 6 27 -1
3 5 27 1
5 7 27 1
2 9 27 1
5 6 28 -1
1 7 28 1
1 10 28 1
4 9 28 -1
1 9 28 1
5 6 29 1
2 3 29 -1
1 10 29 1
1 6 29 1
8 9 29 1
2 10 30 1
1 8 30 1
4 8 30 1
3 7 30 1
6 8 30 1
9 10 31 1
1 3 31 -1
1 2 31 1
4 9 31 1
1 5 31 1
9 10 32 1
1 8 32 1
4 8 32 -1
5 9 32 -1
1 10 32 1
3 7 33 1
3 5 33 1
1 10 33 1
3 6 33 1
2 3 33 -1
1 6 34 1
3 8 34 1
8 10 34 1
4 8 34 1
6 10 34 -1
1 5 35 -1
1 6 35 -1
5 6 35 1
3 4 35 1
2 9 35 1
1 2 36 -1
3 8 36 1
3 7 36 -1
6 7 36 1
5 9 36 -1
2 4 37 -1
5 10 37 1
6 8 37 -1
2 8 37 -1
4 10 37 1
5 7 38 1
4 5 38 -1
2 4 38 -1
5 6 38 1
3 9 38 1
2 7 39 1
2 10 39 1
4 6 39 -1
1 6 39 -1
8 10 39 1
5 8 40 -1
3 6 40 -1
2 10 40 1
6 8 40 -1
6 10 40 1
1 8 41 1
3 4 41 -1
4 9 41 1
4 8 41 1
3 6 41 -1
1 6 42 1
3 5 42 1
8 10 42 1
2 8 42 -1
5 7 42 -1
1 4 43 1
5 6 43 -1
1 10 43 1
1 8 43 -1
4 7 43 1
2 7 44 1
4 8 44 1
3 6 44 1
5 10 44 -1
2 10 44 1
6 9 45 1
3 10 45 1
4 9 45 1
8 10 45 1
1 3 45 1
4 7 46 1
2 5 46 1
6 7 46 1
3 6 46 1
2 9 46 -1
8 10 47 1
2 4 47 1
4 10 47 1
6 9 47 1
1 3 47 1
1 5 48 -1
3 10 48 1
5 6 48 1
2 8 48 -1
2 3 48 -1
4 9 49 1
2 8 49 -1
5 8 49 -1
1 10 49 1
2 5 49 -1
3 5 50 1
9 10 50 1
7 9 50 1
2 4 50 1
7 8 50 -1
9 10 51 1
3 6 51 -1
3 5 51 -1
1 5 51 -1
6 7 51 1
1 6 52 -1
1 2 52 1
6 8 52 1
1 4 52 1
1 10 52 1
2 6 53 1
5 10 53 1
2 7 53 1
5 7 53 1
5 9 53 1
4 7 54 1
5 6 54 -1
3 4 54 1
1 3 54 -1
3 8 54 1
6 8 55 -1
3 7 55 1
4 10 55 -1
1 3 55 -1
1 8 55 -1
1 3 56 1
7 8 56 -1
2 5 56 1
2 10 56 1
5 6 56 -1
6 9 57 1
4 8 57 -1
4 9 57 1
2 9 57 1
5 10 57 1
3 5 58 1
1 4 58 -1
4 6 58 -1
4 7 58 1
2 6 58 -1
7 9 59 1
3 6 59 1
4 9 59 1
5 7 59 -1
2 8 59 -1
6 9 60 -1
2 10 60 1
6 8 60 -1
4 7 60 1
2 5 60 1
1 7 61 -1
6 7 61 -1
1 3 61 -1
6 8 61 -1
4 5 61 1
1 6 62 -1
2 8 62 -1
2 3 62 1
4 7 62 1
3 7 62 -1
6 9 63 -1
2 3 63 1
1 2 63 -1
5 6 63 1
2 9 63 1
8 9 64 1
2 6 64 -1
5 7 64 -1
3 6 64 -1
1 7 64 1
2 3 65 -1
8 9 65 1
1 4 65 -1
6 8 65 -1
4 5 65 1
3 8 66 -1
2 6 66 -1
3 10 66 1
4 8 66 -1
1 2 66 1
4 8 67 -1
3 8 67 -1
2 9 67 -1
1 10 67 1
3 6 67 1
2 6 68 1
4 8 68 -1
3 7 68 1
1 10 68 1
5 10 68 1
2 5 69 -1
1 4 69 -1
3 4 69 -1
1 7 69 1
1 6 69 1
1 5 70 1
8 10 70 1
3 5 70 1
5 10 70 1
2 4 70 -1
1 7 71 1
2 10 71 -1
1 10 71 1
4 8 71 -1
4 9 71 -1
7 10 72 -1
5 10 72 -1
3 7 72 1
9 10 72 1
8 9 72 1
3 10 73 1
4 9 73 -1
3 8 73 1
1 4 73 1
1 8 73 -1
3 10 74 1
4 10 74 1
1 5 74 1
4 6 74 1
3 4 74 1
4 6 75 -1
2 5 75 -1
5 8 75 1
5 6 75 1
4 8 75 -1
4 5 76 1
5 10 76 -1
9 10 76 1
2 10 76 1
3 5 76 1
5 7 77 -1
8 9 77 1
7 8 77 -1
3 6 77 1
4 6 77 1
6 8 78 1
1 2 78 -1
9 10 78 1
1 4 78 1
6 9 78 1
7 8 79 -1
3 9 79 1
7 9 79 1
8 10 79 1
2 9 79 1
4 5 80 -1
7 9 80 -1
5 10 80 1
6 8 80 -1
2 7 80 1
3 5 81 -1
2 3 81 1
4 7 81 -1
2 6 81 -1
1 4 81 1
1 2 82 1
5 10 82 1
5 9 82 1
2 3 82 -1
1 10 82 1
5 6 83 1
5 7 83 1
7 9 83 -1
7 10 83 1
1 8 83 -1
2 8 84 -1
5 7 84 -1
7 9 84 -1
5 6 84 -1
6 7 84 -1
3 8 85 -1
5 10 85 1
5 6 85 1
3 6 85 -1
2 5 85 -1
3 9 86 1
1 9 86 1
3 6 86 1
1 8 86 -1
5 9 86 1
6 9 87 -1
1 8 87 1
2 6 87 1
1 6 87 1
1 7 87 1
2 4 88 1
1 6 88 1
7 10 88 1
3 8 88 1
5 6 88 1
3 9 89 1
2 9 89 -1
5 10 89 1
4 7 89 1
3 5 89 -1
2 3 90 -1
7 8 90 -1
4 7 90 1
4 6 90 -1
3 6 90 -1
3 8 91 -1
7 10 91 1
2 4 91 1
3 10 91 1
8 10 91 1
1 9 92 1
1 5 92 1
7 10 92 1
3 8 92 -1
6 9 92 1
6 7 93 1
3 7 93 1
1 7 93 1
6 10 93 1
1 3 93 -1
3 6 94 1
2 7 94 -1
6 10 94 1
3 9 94 -1
6 7 94 -1
3 5 95 1
1 2 95 1
4 7 95 1
2 6 95 1
4 10 95 1
8 9 96 1
6 10 96 1
2 8 96 1
3 9 96 1
5 7 96 -1
1 5 97 1
2 9 97 -1
7 8 97 -1
4 6 97 -1
1 3 97 1
1 8 98 -1
1 3 98 -1
7 10 98 -1
6 9 98 -1
3 4 98 1
5 10 99 1
1 4 99 1
4 8 99 -1
6 10 99 1
3 6 99 -1
1 10 100 1
6 7 100 1
3 6 100 1
2 8 100 -1
1 3 100 1
