6 9 1 1
1 2 1 1
7 9 1 1
4 8 1 -1
4 9 1 1
4 7 2 1
3 10 2 1
3 6 2 1
7 10 2 -1
2 7 2 1
3 7 3 -1
1 10 3 1
5 7 3 -1
1 3 3 1
1 5 3 1
4 8 4 -1
8 9 4 1
3 10 4 1
2 8 4 -1
4 10 4 1
2 4 5 1
1 3 5 -1
2 8 5 -1
2 6 5 -1
8 10 5 1
5 8 6 -1
7 10 6 -1
4 10 6 1
5 7 6 1
4 5 6 1
1 2 7 1
2 5 7 -1
5 8 7 1
3 5 7 -1
8 9 7 1
4 8 8 -1
2 7 8 1
4 5 8 1
2 6 8 1
7 10 8 -1
7 10 9 1
1 7 9 -1
1 3 9 -1
2 8 9 -1
5 10 9 -1
1 6 10 -1
4 7 10 1
3 4 10 1
5 10 10 1
3 9 10 1
1 3 11 1
3 6 11 -1
5 6 11 -1
2 8 11 -1
1 4 11 -1
5 10 12 -1
5 7 12 -1
1 7 12 1
1 8 12 -1
8 10 12 1
7 10 13 1
3 6 13 1
4 6 13 1
4 8 13 -1
4 7 13 -1
3 10 14 1
4 6 14 -1
2 6 14 -1
6 10 14 1
4 7 14 1
2 9 15 1
6 8 15 -1
5 6 15 1
3 7 15 -1
2 8 15 1
3 4 16 -1
3 6 16 1
1 8 16 1
7 9 16 -1
4 8 16 1
1 6 17 1
6 9 17 -1
1 9 17 1
3 8 17 1
6 7 17 -1
7 9 18 -1
1 5 18 1
1 2 18 -1
7 8 18 -1
1 6 18 1
4 5 19 -1
2 8 19 -1
1 8 19 -1
4 10 19 1
5 8 19 -1
4 10 20 1
6 8 20 -1
1 9 20 1
3 4 20 1
6 7 20 1
1 5 21 1
2 10 21 1
5 6 21 1
2 8 21 1
1 4 21 1
6 7 22 1
1 2 22 1
8 9 22 1
1 5 22 -1
8 10 22 1
1 10 23 -1
1 6 23 -1
2 9 23 -1
7 10 23 -1
1 2 23 -1
1 5 24 -1
5 10 24 1
7 9 24 1
2 7 24 1
1 9 24 1
5 6 25 -1
2 8 25 1
4 7 25 -1
6 9 25 1
3 8 25 -1
6 9 26 1
6 8 26 -1
5 7 26 1
2 9 26 -1
3 8 26 -1
3 5 27 1
3 6 27 1
7 9 27 -1
5 6 27 1
2 5 27 1
1 4 28 1
6 9 28 1
2 5 28 -1
1 9 28 1
3 6 28 1
2 7 29 -1
5 7 29 -1
3 5 29 1
3 4 29 1
1 9 29 1
4 10 30 1
3 10 30 1
5 6 30 -1
2 8 30 -1
1 2 30 1
5 7 31 -1
4 9 31 1
2 6 31 1
1 9 31 -1
3 6 31 1
4 8 32 -1
1 9 32 1
7 8 32 -1
8 10 32 1
6 9 32 -1
1 4 33 1
4 10 33 1
3 7 33 1
1 2 33 1
9 10 33 -1
1 6 34 1
4 9 34 1
3 7 34 1
2 4 34 -1
2 8 34 -1
1 4 35 1
4 8 35 -1
3 5 35 -1
3 9 35 1
5 7 35 1
3 9 36 -1
6 8 36 1
4 8 36 1
2 6 36 -1
1 9 36 -1
8 10 37 -1
7 8 37 1
3 6 37 1
4 5 37 -1
6 9 37 -1
3 4 38 1
1 9 38 1
7 8 38 -1
5 9 38 1
4 5 38 -1
1 2 39 -1
2 5 39 -1
2 6 39 1
2 3 39 1
3 9 39 1
2 5 40 -1
4 6 40 -1
7 8 40 -1
3 10 40 1
5 8 40 -1
1 10 41 1
3 7 41 1
4 8 41 1
6 10 41 1
5 10 41 -1
4 7 42 1
1 3 42 -1
1 7 42 1
4 9 42 1
1 4 42 1
4 7 43 1
4 9 43 -1
3 6 43 -1
1 3 43 1
3 9 43 -1
3 6 44 1
6 8 44 -1
2 5 44 1
7 10 44 -1
3 8 44 1
3 7 45 1
2 7 45 -1
1 2 45 1
1 4 45 1
6 7 45 1
4 5 46 1
5 7 46 1
3 7 46 1
2 10 46 1
1 2 46 1
6 8 47 -1
8 10 47 1
2 9 47 1
2 4 47 1
5 7 47 1
8 10 48 1
9 10 48 1
4 7 48 1
1 3 48 -1
5 7 48 1
2 10 49 -1
1 4 49 1
4 6 49 1
1 7 49 1
4 9 49 1
1 6 50 1
3 7 50 1
6 9 50 -1
7 10 50 1
3 6 50 1
2 10 51 1
1 7 51 1
2 4 51 1
1 5 51 -1
1 3 51 1
2 5 52 -1
1 5 52 -1
5 6 52 -1
3 6 52 -1
6 10 52 1
4 7 53 -1
4 9 53 -1
1 7 53 -1
6 8 53 1
6 7 53 1
3 6 54 1
4 6 54 -1
2 10 54 1
2 7 54 1
3 7 54 1
4 10 55 -1
5 6 55 1
5 9 55 -1
6 8 55 -1
2 9 55 -1
1 3 56 1
5 10 56 1
1 4 56 1
3 6 56 -1
3 8 56 -1
5 7 57 1
1 3 57 1
2 7 57 1
1 8 57 1
7 9 57 1
4 9 58 -1
1 5 58 1
8 10 58 -1
3 6 58 -1
8 9 58 -1
8 9 59 1
6 7 59 -1
4 8 59 1
6 9 59 -1
3 7 59 1
6 7 60 1
5 8 60 -1
5 7 60 1
3 10 60 1
1 2 60 -1
3 10 61 1
7 8 61 1
1 5 61 1
2 5 61 1
5 8 61 -1
7 8 62 -1
1 4 62 -1
6 9 62 1
2 3 62 1
3 9 62 -1
2 4 63 1
2 8 63 1
6 7 63 -1
3 8 63 -1
9 10 63 -1
1 5 64 1
1 7 64 1
2 6 64 -1
6 9 64 1
2 10 64 -1
5 8 65 -1
2 9 65 -1
1 8 65 -1
6 9 65 1
3 9 65 -1
1 2 66 1
3 7 66 1
1 4 66 1
2 5 66 -1
2 8 66 -1
2 10 67 1
2 7 67 -1
5 10 67 1
5 8 67 1
4 6 67 -1
1 6 68 1
1 7 68 -1
3 7 68 1
5 8 68 -1
2 8 68 -1
4 5 69 -1
6 7 69 1
1 3 69 1
2 4 69 1
4 7 69 1
2 6 70 1
6 7 70 1
3 4 70 -1
7 8 70 -1
4 5 70 1
1 9 71 1
2 6 71 1
6 10 71 -1
3 5 71 1
1 7 71 1
3 5 72 1
4 8 72 -1
1 2 72 1
3 8 72 -1
3 10 72 1
7 8 73 -1
2 9 73 1
4 6 73 -1
1 2 73 -1
3 7 73 1
2 7 74 -1
3 9 74 1
6 7 74 -1
2 10 74 -1
7 9 74 -1
3 8 75 -1
7 10 75 1
5 7 75 1
1 10 75 1
5 9 75 1
4 5 76 1
2 10 76 1
4 9 76 -1
9 10 76 1
6 9 76 1
4 6 77 1
7 10 77 1
2 6 77 1
4 9 77 -1
1 8 77 -1
2 7 78 1
7 10 78 1
3 9 78 1
4 9 78 1
7 9 78 1
9 10 79 1
4 8 79 1
2 5 79 -1
3 8 79 -1
6 10 79 1
5 6 80 -1
3 7 80 1
2 6 80 -1
1 3 80 -1
2 5 80 -1
2 7 81 -1
2 6 81 -1
3 10 81 1
5 6 81 -1
6 9 81 1
4 10 82 -1
1 5 82 -1
2 3 82 -1
1 2 82 1
6 9 82 1
5 8 83 1
2 9 83 -1
1 6 83 -1
4 8 83 -1
3 8 83 -1
2 4 84 1
4 7 84 -1
7 10 84 1
7 9 84 -1
6 9 84 -1
4 7 85 -1
4 5 85 -1
1 3 85 -1
2 7 85 1
2 9 85 -1
2 8 86 1
1 2 86 -1
1 10 86 1
1 8 86 -1
3 4 86 1
1 9 87 1
2 3 87 1
3 5 87 1
3 6 87 1
1 10 87 1
5 10 88 1
5 7 88 1
6 8 88 -1
3 10 88 1
2 3 88 -1
1 9 89 -1
7 10 89 1
2 9 89 -1
4 5 89 -1
1 4 89 -1
4 5 90 1
3 5 90 1
4 7 90 1
1 10 90 1
3 9 90 -1
3 5 91 1
8 10 91 1
1 10 91 1
6 9 91 -1
4 5 91 -1
3 5 92 1
2 8 92 -1
6 7 92 1
8 9 92 1
1 8 92 -1
4 6 93 1
8 10 93 1
1 7 93 1
3 9 93 1
4 10 93 1
5 9 94 -1
7 8 94 1
1 5 94 1
3 8 94 -1
5 6 94 -1
8 9 95 -1
1 7 95 1
3 4 95 1
1 3 95 1
4 9 95 -1
7 8 96 1
7 10 96 1
6 8 96 -1
1 2 96 -1
4 6 96 -1
1 2 97 1
6 8 97 -1
2 8 97 -1
4 5 97 1
6 10 97 1
1 6 98 1
1 5 98 1
6 9 98 -1
8 9 98 1
6 7 98 1
4 9 99 1
7 9 99 -1
3 9 99 -1
5 9 99 1
1 4 99 1
5 7 100 1
3 9 100 1
4 7 100 1
2 10 100 1
2 6 100 1
