6 7 1 1
5 6 1 1
8 9 1 1
1 5 1 -1
3 9 1 1
1 9 2 1
3 8 2 1
1 7 2 1
3 7 2 1
4 8 2 1
2 4 3 1
7 9 3 1
1 4 3 -1
1 2 3 -1
7 8 3 1
1 7 4 1
5 9 4 1
4 5 4 -1
8 10 4 1
5 6 4 -1
3 6 5 -1
9 10 5 1
3 4 5 1
1 10 5 1
7 8 5 1
7 9 6 -1
5 9 6 -1
1 9 6 1
8 9 6 1
3 7 6 1
9 10 7 1
5 9 7 1
5 10 7 1
1 7 7 1
3 6 7 -1
1 8 8 1
2 3 8 -1
6 7 8 -1
7 10 8 -1
3 6 8 1
8 10 9 1
1 9 9 1
1 6 9 -1
1 8 9 -1
5 10 9 -1
1 5 10 1
7 9 10 -1
2 4 10 -1
2 7 10 1
2 6 10 -1
4 6 11 -1
7 9 11 -1
1 9 11 1
5 7 11 1
4 10 11 -1
1 5 12 1
2 8 12 -1
3 6 12 -1
4 5 12 1
1 6 12 -1
1 4 13 1
2 10 13 1
7 9 13 -1
9 10 13 1
6 10 13 -1
6 9 14 -1
3 10 14 1
1 9 14 -1
9 10 14 1
8 10 14 1
5 8 15 -1
4 9 15 -1
2 10 15 1
5 6 15 1
4 8 15 -1
6 8 16 -1
3 6 16 1
2 8 16 -1
4 7 16 1
4 5 16 1
6 7 17 -1
1 5 17 -1
7 10 17 -1
2 10 17 1
5 6 17 1
1 8 18 -1
7 8 18 -1
2 7 18 1
1 7 18 -1
2 10 18 1
8 9 19 1
3 7 19 1
1 5 19 -1
3 6 19 -1
3 10 19 1
3 5 20 1
3 7 20 1
2 10 20 1
2 5 20 1
6 9 20 1
2 9 21 1
5 10 21 1
2 4 21 1
1 2 21 -1
7 8 21 -1
2 3 22 -1
5 8 22 -1
6 9 22 1
4 9 22 -1
5 6 22 1
1 8 23 -1
5 8 23 -1
7 10 23 -1
7 9 23 -1
4 8 23 -1
3 8 24 -1
5 9 24 1
2 9 24 1
3 10 24 -1
9 10 24 -1
3 5 25 1
1 5 25 1
9 10 25 -1
7 9 25 1
6 8 25 1
6 7 26 1
1 4 26 1
4 9 26 -1
5 10 26 1
7 9 26 1
2 6 27 1
2 10 27 1
4 8 27 -1
2 7 27 1
6 7 27 1
1 2 28 1
2 8 28 -1
3 10 28 1
9 10 28 1
5 9 28 1
2 8 29 -1
2 9 29 1
6 7 29 -1
1 3 29 -1
2 10 29 1
3 10 30 1
8 9 30 -1
2 8 30 -1
4 8 30 1
4 7 30 -1
7 9 31 -1
8 10 31 1
2 6 31 1
2 9 31 -1
3 9 31 1
4 10 32 -1
2 8 32 -1
1 9 32 1
5 6 32 -1
6 10 32 -1
1 10 33 1
7 10 33 1
6 10 33 1
2 6 33 -1
1 9 33 1
1 10 34 1
3 9 34 1
5 8 34 -1
3 5 34 1
6 9 34 -1
2 7 35 1
1 4 35 1
2 4 35 1
4 10 35 1
2 5 35 -1
2 4 36 -1
1 4 36 -1
2 5 36 1
2 10 36 1
4 9 36 1
6 10 37 -1
1 6 37 1
1 2 37 1
4 8 37 1
3 7 37 -1
1 3 38 -1
6 7 38 1
5 6 38 1
1 4 38 1
2 10 38 1
8 9 39 1
4 5 39 -1
4 10 39 -1
1 4 39 1
6 7 39 1
7 9 40 -1
1 7 40 1
1 9 40 1
8 10 40 1
4 7 40 1
5 6 41 -1
7 10 41 -1
2 3 41 -1
1 4 41 1
8 9 41 -1
4 9 42 1
1 2 42 1
1 5 42 1
7 8 42 -1
6 8 42 -1
1 10 43 1
7 8 43 -1
2 6 43 1
2 5 43 1
8 10 43 1
3 8 44 1
7 10 44 -1
1 9 44 1
1 4 44 1
2 6 44 1
2 8 45 -1
1 8 45 -1
1 2 45 1
8 10 45 1
1 5 45 -1
5 6 46 -1
2 6 46 1
6 9 46 -1
6 10 46 -1
1 9 46 1
1 4 47 1
3 8 47 1
6 10 47 1
4 9 47 -1
1 2 47 1
2 10 48 1
8 9 48 1
6 9 48 -1
2 7 48 1
3 10 48 1
2 8 49 -1
1 9 49 1
3 8 49 1
7 8 49 1
2 4 49 -1
2 6 50 1
7 9 50 1
2 10 50 1
2 9 50 1
6 9 50 -1
2 3 51 1
1 3 51 1
8 9 51 1
7 10 51 1
3 4 51 -1
6 7 52 1
4 5 52 -1
5 6 52 -1
1 3 52 1
1 7 52 1
3 4 53 1
2 6 53 1
1 6 53 -1
3 8 53 -1
1 7 53 -1
4 5 54 1
8 9 54 1
1 6 54 -1
3 10 54 1
5 10 54 1
1 4 55 1
1 7 55 -1
1 5 55 -1
7 9 55 -1
4 10 55 -1
2 4 56 1
2 7 56 1
4 8 56 -1
1 8 56 -1
4 7 56 1
4 6 57 -1
9 10 57 1
6 10 57 1
1 8 57 1
1 6 57 1
5 10 58 -1
3 8 58 1
6 9 58 1
2 8 58 1
1 9 58 -1
5 9 59 -1
8 10 59 1
4 10 59 1
1 6 59 -1
1 8 59 -1
5 6 60 1
2 5 60 1
1 5 60 -1
7 9 60 -1
3 10 60 1
3 8 61 -1
1 10 61 1
2 5 61 1
5 6 61 -1
5 7 61 -1
3 9 62 -1
2 7 62 1
4 10 62 -1
5 10 62 1
5 6 62 -1
2 4 63 1
5 9 63 1
8 10 63 1
3 5 63 -1
4 10 63 1
3 10 64 -1
1 10 64 1
1 2 64 1
2 4 64 -1
1 6 64 -1
7 8 65 -1
1 9 65 -1
7 9 65 -1
3 9 65 -1
1 3 65 -1
1 7 66 1
2 8 66 -1
1 6 66 -1
2 7 66 1
2 10 66 1
7 8 67 -1
4 8 67 -1
6 8 67 -1
1 4 67 1
8 10 67 1
8 9 68 1
4 10 68 -1
7 8 68 -1
5 8 68 -1
7 10 68 1
2 10 69 1
6 8 69 -1
3 4 69 -1
2 8 69 1
5 10 69 1
2 10 70 1
2 3 70 -1
2 8 70 -1
1 6 70 1
1 10 70 1
2 10 71 -1
1 6 71 1
4 6 71 1
1 2 71 1
1 7 71 1
2 4 72 -1
4 7 72 1
3 9 72 1
2 7 72 1
3 8 72 -1
4 10 73 1
6 8 73 -1
4 7 73 -1
3 5 73 1
3 8 73 1
4 9 74 -1
2 9 74 -1
1 4 74 1
3 7 74 1
1 2 74 1
1 2 75 1
2 9 75 -1
4 5 75 -1
2 10 75 1
1 3 75 -1
3 5 76 1
1 7 76 -1
2 3 76 -1
7 8 76 -1
1 4 76 1
1 2 77 -1
3 7 77 1
2 7 77 1
5 7 77 -1
3 9 77 1
5 6 78 1
4 6 78 -1
1 4 78 1
2 3 78 1
7 9 78 1
1 8 79 -1
2 3 79 1
8 9 79 1
4 6 79 1
5 8 79 1
3 4 80 1
4 5 80 -1
4 8 80 -1
3 5 80 -1
1 5 80 -1
7 10 81 1
3 8 81 -1
1 9 81 1
4 7 81 -1
5 6 81 -1
2 3 82 -1
9 10 82 -1
5 7 82 1
4 5 82 -1
1 6 82 -1
4 5 83 -1
6 9 83 1
6 8 83 1
4 10 83 1
1 4 83 -1
1 6 84 -1
3 4 84 1
4 10 84 1
3 8 84 -1
2 6 84 -1
1 3 85 -1
8 9 85 1
1 4 85 1
9 10 85 1
2 6 85 -1
4 8 86 -1
6 10 86 -1
6 8 86 -1
1 5 86 1
2 9 86 1
5 8 87 -1
2 3 87 1
5 7 87 -1
3 4 87 -1
8 10 87 1
4 5 88 -1
7 9 88 1
8 10 88 1
9 10 88 1
4 7 88 -1
5 8 89 1
3 5 89 -1
6 7 89 1
7 10 89 1
2 9 89 -1
8 10 90 1
4 6 90 -1
5 8 90 -1
1 4 90 -1
7 9 90 -1
1 3 91 -1
5 10 91 1
1 8 91 -1
3 4 91 1
3 5 91 1
6 10 92 1
4 8 92 -1
8 9 92 1
2 10 92 1
2 7 92 1
4 8 93 -1
6 8 93 -1
1 5 93 1
4 6 93 1
3 7 93 1
3 8 94 -1
1 8 94 1
2 9 94 1
5 10 94 1
1 7 94 1
1 7 95 1
2 7 95 -1
8 9 95 -1
4 8 95 -1
4 10 95 1
2 5 96 1
1 6 96 -1
1 8 96 -1
4 9 96 -1
1 5 96 1
5 8 97 -1
2 8 97 -1
3 10 97 1
4 7 97 1
2 5 97 1
6 7 98 1
4 9 98 1
1 5 98 1
3 4 98 1
2 3 98 -1
7 10 99 1
3 6 99 -1
3 8 99 -1
6 9 99 1
1 9 99 1
1 8 100 -1
3 9 100 1
1 6 100 1
1 4 100 1
4 8 100 -1
