1 5 1 -1
7 9 1 1
8 10 1 1
3 6 1 -1
1 8 1 -1
2 7 2 1
4 6 2 1
5 9 2 -1
5 8 2 1
1 7 2 1
2 5 3 1
6 10 3 1
3 8 3 1
5 9 3 -1
3 5 3 -1
2 3 4 1
1 9 4 1
4 5 4 -1
4 6 4 -1
7 10 4 1
2 5 5 1
3 7 5 -1
3 6 5 -1
5 8 5 -1
1 2 5 1
5 9 6 -1
4 8 6 1
6 10 6 1
1 10 6 1
1 9 6 1
2 8 7 -1
6 10 7 1
2 7 7 1
4 5 7 -1
5 10 7 1
2 10 8 1
6 7 8 -1
7 10 8 -1
3 6 8 1
2 5 8 1
9 10 9 -1
1 7 9 -1
4 7 9 -1
2 8 9 -1
3 6 9 -1
2 9 10 -1
2 5 10 1
3 7 10 1
6 10 10 1
3 4 10 1
2 4 11 -1
2 5 11 1
3 9 11 1
5 10 11 -1
1 8 11 -1
2 3 12 1
4 10 12 -1
6 9 12 1
7 8 12 -1
5 10 12 -1
6 7 13 -1
2 3 13 -1
1 4 13 1
2 7 13 1
1 8 13 -1
1 5 14 1
2 3 14 -1
3 5 14 1
8 9 14 -1
5 6 14 -1
3 8 15 -1
1 4 15 1
1 6 15 1
2 7 15 1
1 7 15 -1
1 2 16 1
6 7 16 1
6 8 16 -1
2 3 16 -1
1 3 16 1
2 8 17 1
2 9 17 1
1 6 17 1
6 10 17 -1
8 9 17 -1
4 7 18 -1
8 10 18 1
1 4 18 -1
1 8 18 -1
5 10 18 1
5 10 19 1
2 6 19 -1
4 6 19 -1
1 7 19 1
1 4 19 1
3 4 20 1
5 10 20 1
4 7 20 -1
1 7 20 1
5 9 20 -1
4 5 21 -1
2 8 21 1
1 8 21 1
4 10 21 1
1 3 21 1
1 6 22 -1
1 7 22 1
7 8 22 -1
4 6 22 -1
2 3 22 -1
1 8 23 -1
1 5 23 1
1 7 23 -1
7 10 23 -1
4 5 23 1
6 10 24 -1
6 7 24 -1
1 4 24 -1
9 10 24 -1
1 6 24 1
5 8 25 -1
5 7 25 -1
2 3 25 1
8 10 25 1
4 9 25 -1
4 8 26 -1
2 4 26 -1
4 6 26 -1
3 5 26 1
3 9 26 1
1 3 27 -1
2 3 27 1
5 6 27 1
6 9 27 -1
1 2 27 -1
1 9 28 1
4 10 28 1
8 9 28 1
4 6 28 -1
3 10 28 1
7 9 29 1
2 8 29 -1
1 6 29 1
2 9 29 1
4 9 29 1
6 8 30 1
1 4 30 1
8 10 30 1
2 3 30 -1
3 4 30 1
6 7 31 -1
2 4 31 -1
2 3 31 -1
1 9 31 -1
1 8 31 -1
3 5 32 1
3 6 32 1
3 8 32 -1
4 9 32 -1
1 9 32 1
2 4 33 -1
2 3 33 -1
2 6 33 -1
1 8 33 -1
4 7 33 -1
1 5 34 1
7 8 34 -1
6 7 34 -1
7 10 34 1
8 10 34 1
2 10 35 1
6 10 35 1
1 4 35 1
6 9 35 1
3 4 35 1
5 6 36 -1
1 2 36 -1
2 10 36 1
5 10 36 -1
6 9 36 1
1 8 37 1
8 10 37 -1
4 9 37 1
3 7 37 -1
7 10 37 1
7 8 38 -1
8 10 38 1
1 5 38 -1
1 3 38 -1
4 10 38 1
3 10 39 1
2 6 39 1
2 5 39 -1
3 8 39 -1
1 5 39 -1
5 8 40 -1
2 3 40 -1
1 6 40 1
1 9 40 1
9 10 40 1
4 9 41 1
3 7 41 1
2 4 41 -1
5 10 41 -1
3 10 41 -1
7 9 42 1
1 2 42 1
5 6 42 -1
5 7 42 -1
1 9 42 1
7 10 43 1
6 7 43 1
1 3 43 1
2 8 43 1
4 6 43 -1
6 7 44 1
2 7 44 1
3 4 44 -1
6 8 44 -1
1 9 44 1
5 8 45 -1
6 9 45 1
8 9 45 1
4 8 45 -1
7 8 45 -1
4 6 46 1
1 6 46 1
7 10 46 -1
5 9 46 -1
2 4 46 -1
8 10 47 1
4 10 47 1
3 8 47 1
5 8 47 1
7 10 47 1
2 7 48 1
4 10 48 1
3 7 48 1
5 10 48 1
5 7 48 1
7 10 49 1
6 8 49 -1
3 9 49 -1
4 7 49 1
4 5 49 1
1 5 50 1
2 3 50 1
4 10 50 1
2 7 50 1
6 7 50 -1
6 10 51 1
5 8 51 -1
4 9 51 -1
6 7 51 1
8 9 51 1
6 9 52 1
7 9 52 -1
1 7 52 1
5 7 52 1
3 7 52 1
3 10 53 1
4 6 53 -1
5 9 53 1
1 6 53 -1
3 6 53 -1
5 7 54 1
2 10 54 1
1 9 54 -1
4 9 54 1
2 8 54 -1
8 10 55 1
3 4 55 1
1 9 55 -1
1 10 55 -1
3 10 55 1
1 4 56 1
4 5 56 -1
2 10 56 1
5 8 56 -1
4 10 56 1
2 10 57 1
1 8 57 1
1 5 57 1
3 5 57 -1
7 9 57 1
1 5 58 1
9 10 58 1
4 8 58 1
4 5 58 1
2 4 58 -1
4 6 59 1
1 3 59 -1
1 5 59 -1
3 9 59 1
9 10 59 1
1 9 60 -1
4 6 60 1
8 10 60 1
6 7 60 1
4 7 60 1
2 7 61 -1
3 4 61 1
8 9 61 1
1 3 61 -1
4 9 61 1
7 8 62 -1
1 5 62 -1
1 2 62 -1
3 10 62 -1
3 4 62 -1
1 2 63 -1
7 8 63 -1
4 6 63 1
2 10 63 1
3 6 63 1
6 7 64 1
1 6 64 -1
3 5 64 1
1 7 64 1
2 10 64 -1
6 8 65 -1
1 5 65 1
1 3 65 -1
3 7 65 1
3 10 65 1
8 10 66 1
1 6 66 -1
2 3 66 -1
2 4 66 1
5 6 66 1
1 8 67 1
2 4 67 1
6 7 67 -1
3 5 67 -1
7 8 67 -1
3 4 68 1
4 5 68 -1
4 10 68 -1
2 3 68 1
1 10 68 1
4 8 69 -1
9 10 69 1
3 7 69 1
2 4 69 1
6 7 69 1
5 8 70 -1
1 8 70 1
2 7 70 1
7 8 70 -1
5 6 70 1
4 7 71 1
2 8 71 -1
5 10 71 -1
4 8 71 -1
3 9 71 1
4 9 72 1
7 9 72 -1
2 5 72 1
1 10 72 1
7 8 72 -1
5 8 73 -1
1 10 73 1
2 9 73 1
4 9 73 -1
4 7 73 -1
9 10 74 1
5 8 74 -1
8 10 74 1
4 9 74 -1
4 6 74 1
2 10 75 1
3 4 75 1
3 8 75 -1
1 5 75 -1
4 7 75 1
2 10 76 1
2 7 76 -1
1 8 76 -1
4 5 76 1
5 10 76 -1
8 9 77 1
5 10 77 -1
4 6 77 1
7 8 77 -1
1 5 77 1
3 8 78 -1
2 4 78 1
2 10 78 1
8 9 78 1
4 7 78 -1
3 6 79 -1
6 8 79 1
2 7 79 1
1 2 79 -1
3 8 79 -1
6 9 80 1
5 6 80 -1
7 8 80 -1
8 10 80 1
1 3 80 -1
1 6 81 1
6 7 81 -1
5 10 81 1
3 8 81 -1
6 9 81 1
5 6 82 1
1 10 82 1
2 5 82 -1
2 3 82 -1
2 10 82 -1
1 6 83 -1
3 6 83 -1
6 8 83 1
1 7 83 -1
1 10 83 1
3 5 84 1
1 3 84 -1
8 9 84 1
2 7 84 -1
2 8 84 -1
2 5 85 -1
4 10 85 -1
4 9 85 -1
2 3 85 1
3 10 85 1
3 5 86 1
4 10 86 1
2 5 86 1
6 7 86 1
2 9 86 1
3 9 87 1
6 10 87 -1
1 7 87 1
3 5 87 1
1 5 87 1
4 9 88 1
3 9 88 1
1 2 88 -1
2 9 88 1
2 4 88 1
6 7 89 1
7 9 89 -1
3 5 89 -1
8 10 89 1
4 7 89 1
2 4 90 -1
7 10 90 -1
6 7 90 1
3 7 90 1
9 10 90 1
6 8 91 -1
6 10 91 1
1 3 91 -1
4 10 91 1
1 2 91 1
6 7 92 1
1 10 92 1
4 10 92 1
3 9 92 1
3 4 92 1
2 3 93 -1
2 4 93 1
4 6 93 1
1 9 93 1
3 6 93 1
5 9 94 -1
3 8 94 -1
4 6 94 1
3 9 94 -1
1 9 94 1
2 7 95 -1
7 8 95 -1
2 9 95 -1
2 10 95 -1
2 6 95 1
8 10 96 1
1 9 96 1
1 3 96 -1
5 8 96 -1
5 6 96 -1
3 5 97 1
4 10 97 1
4 5 97 1
2 4 97 -1
5 6 97 -1
1 9 98 1
7 8 98 -1
1 6 98 1
7 10 98 -1
4 6 98 1
8 9 99 1
5 6 99 1
4 7 99 1
5 10 99 1
2 3 99 1
3 4 100 1
2 7 100 1
5 8 100 -1
2 3 100 1
4 10 100 1
