4 10 1 1
2 6 1 -1
2 10 1 1
6 8 1 -1
3 6 1 -1
2 8 2 1
1 8 2 1
8 9 2 -1
7 8 2 -1
3 9 2 1
3 9 3 -1
5 10 3 1
1 6 3 1
1 8 3 1
5 7 3 -1
4 7 4 1
2 3 4 1
1 8 4 -1
1 6 4 1
6 10 4 1
5 10 5 1
3 10 5 1
6 8 5 1
9 10 5 1
6 9 5 1
3 4 6 -1
1 8 6 1
6 7 6 1
3 7 6 1
5 7 6 1
1 4 7 1
4 5 7 -1
2 6 7 -1
1 5 7 -1
1 8 7 -1
4 8 8 -1
3 10 8 1
2 8 8 -1
2 6 8 1
2 3 8 -1
5 6 9 -1
5 10 9 -1
1 5 9 1
3 4 9 -1
2 10 9 1
2 8 10 -1
2 5 10 1
3 5 10 1
2 6 10 -1
3 6 10 1
3 7 11 1
3 9 11 1
3 10 11 -1
2 9 11 1
6 7 11 1
6 9 12 1
1 6 12 -1
5 7 12 -1
1 2 12 -1
6 10 12 1
2 7 13 1
4 6 13 1
2 3 13 -1
3 4 13 1
2 9 13 1
3 9 14 -1
3 4 14 1
1 4 14 1
8 10 14 1
4 7 14 1
5 10 15 1
2 6 15 1
4 7 15 -1
7 10 15 1
1 7 15 -1
8 10 16 1
4 6 16 1
1 5 16 1
3 8 16 1
1 10 16 1
1 5 17 -1
7 9 17 -1
1 8 17 1
2 4 17 1
2 8 17 1
1 2 18 -1
6 9 18 -1
4 10 18 1
1 5 18 1
2 3 18 1
5 7 19 1
2 5 19 -1
3 10 19 1
4 7 19 1
2 10 19 1
4 10 20 1
2 8 20 -1
2 9 20 1
5 6 20 -1
1 6 20 -1
4 9 21 -1
5 6 21 1
8 10 21 1
3 7 21 1
1 5 21 1
2 7 22 1
2 6 22 -1
1 2 22 1
3 9 22 1
5 7 22 1
9 10 23 1
6 7 23 1
4 10 23 -1
4 8 23 -1
2 5 23 1
2 4 24 -1
5 10 24 1
3 6 24 1
5 8 24 1
2 6 24 1
7 8 25 -1
5 8 25 -1
1 8 25 -1
8 10 25 1
1 2 25 -1
6 7 26 1
3 8 26 -1
1 8 26 -1
7 10 26 1
1 7 26 1
5 9 27 -1
4 8 27 -1
3 10 27 1
6 8 27 -1
1 4 27 -1
7 10 28 1
2 9 28 1
3 5 28 1
4 10 28 1
2 10 28 1
1 2 29 1
1 10 29 1
3 10 29 1
5 6 29 1
2 5 29 -1
6 8 30 1
5 7 30 1
2 8 30 -1
1 9 30 -1
6 10 30 1
3 4 31 1
3 5 31 1
4 7 31 1
4 6 31 1
6 7 31 -1
7 10 32 -1
4 10 32 -1
9 10 32 1
5 10 32 -1
2 8 32 -1
5 10 33 1
2 7 33 -1
4 8 33 -1
3 9 33 1
2 8 33 -1
1 8 34 1
1 4 34 1
6 10 34 -1
2 8 34 -1
2 7 34 1
2 10 35 1
3 4 35 1
4 6 35 -1
2 7 35 1
9 10 35 1
1 6 36 -1
2 3 36 1
3 7 36 -1
1 4 36 -1
1 2 36 -1
6 8 37 -1
3 6 37 1
5 8 37 1
6 10 37 -1
2 7 37 -1
5 8 38 -1
1 4 38 1
6 10 38 1
4 6 38 1
1 6 38 1
2 7 39 1
6 10 39 1
4 10 39 -1
5 6 39 1
2 3 39 1
1 9 40 1
4 9 40 -1
2 8 40 -1
3 7 40 1
2 6 40 -1
8 10 41 -1
5 9 41 -1
9 10 41 -1
3 5 41 1
6 9 41 1
2 9 42 1
6 9 42 -1
1 5 42 1
3 4 42 1
2 7 42 1
8 9 43 1
3 5 43 -1
1 7 43 1
3 6 43 -1
4 9 43 -1
6 8 44 -1
3 6 44 1
1 9 44 1
3 5 44 1
3 8 44 1
7 8 45 -1
1 6 45 -1
8 10 45 1
5 8 45 -1
7 9 45 1
2 6 46 1
1 8 46 -1
3 9 46 1
4 9 46 1
2 9 46 -1
1 3 47 1
2 4 47 1
1 8 47 1
1 5 47 1
7 9 47 -1
3 10 48 1
4 8 48 -1
1 2 48 -1
8 10 48 1
2 4 48 1
3 4 49 -1
9 10 49 1
4 8 49 1
5 9 49 -1
1 7 49 1
4 9 50 1
9 10 50 1
3 9 50 1
2 3 50 1
5 10 50 -1
1 10 51 1
6 7 51 1
4 7 51 1
1 3 51 1
4 9 51 -1
6 7 52 1
6 9 52 1
3 5 52 -1
4 10 52 1
1 9 52 1
5 8 53 1
6 9 53 1
8 10 53 1
9 10 53 1
4 8 53 -1
2 10 54 1
1 10 54 -1
7 10 54 1
3 5 54 1
3 6 54 1
3 7 55 1
3 6 55 1
1 10 55 -1
5 8 55 -1
2 6 55 1
3 8 56 -1
3 4 56 -1
9 10 56 1
2 4 56 1
4 9 56 1
3 7 57 1
2 9 57 1
4 10 57 1
1 9 57 1
1 4 57 1
3 10 58 -1
4 6 58 -1
2 9 58 -1
5 7 58 -1
3 9 58 -1
4 5 59 1
2 5 59 -1
1 7 59 -1
2 6 59 -1
1 2 59 1
2 3 60 -1
4 7 60 1
1 10 60 1
8 10 60 1
7 9 60 -1
8 10 61 1
2 7 61 -1
9 10 61 1
2 9 61 1
1 4 61 -1
4 7 62 1
3 4 62 -1
6 10 62 1
2 4 62 -1
2 7 62 1
3 4 63 -1
6 9 63 -1
1 10 63 -1
1 5 63 -1
3 5 63 -1
8 10 64 1
5 9 64 -1
2 9 64 -1
5 10 64 -1
2 8 64 -1
1 7 65 -1
4 6 65 -1
1 6 65 -1
1 9 65 -1
8 9 65 1
2 3 66 -1
4 7 66 1
5 8 66 1
4 10 66 1
2 4 66 1
3 8 67 -1
6 10 67 1
7 9 67 -1
6 7 67 -1
2 5 67 -1
6 10 68 -1
5 7 68 1
2 4 68 1
4 6 68 -1
9 10 68 1
8 10 69 1
4 7 69 1
6 9 69 -1
7 8 69 -1
7 10 69 -1
3 7 70 1
1 10 70 1
9 10 70 1
4 9 70 1
5 9 70 1
5 10 71 -1
8 10 71 1
7 8 71 -1
5 6 71 -1
1 2 71 1
1 2 72 1
7 10 72 -1
2 5 72 1
7 8 72 -1
1 8 72 1
4 10 73 1
4 7 73 -1
5 9 73 1
6 10 73 1
5 6 73 1
1 3 74 1
4 6 74 1
5 7 74 -1
8 9 74 1
5 6 74 -1
4 6 75 -1
2 5 75 -1
1 6 75 -1
5 6 75 1
2 4 75 1
2 5 76 1
4 5 76 1
8 9 76 1
6 7 76 1
2 6 76 -1
2 8 77 -1
1 8 77 -1
1 9 77 -1
2 6 77 1
5 7 77 -1
4 9 78 1
2 9 78 1
3 9 78 1
1 7 78 -1
4 7 78 -1
1 7 79 -1
4 7 79 1
9 10 79 1
6 9 79 1
4 10 79 1
5 8 80 -1
3 9 80 -1
6 7 80 1
1 7 80 1
4 6 80 -1
8 9 81 1
1 4 81 1
1 8 81 1
1 6 81 1
5 8 81 -1
4 7 82 -1
7 10 82 -1
6 7 82 1
7 8 82 -1
4 10 82 -1
5 9 83 1
3 7 83 1
4 6 83 -1
2 5 83 -1
1 8 83 -1
1 3 84 -1
9 10 84 1
5 9 84 -1
6 10 84 1
3 9 84 -1
4 8 85 -1
3 9 85 -1
4 7 85 -1
4 5 85 -1
5 10 85 1
6 9 86 -1
3 10 86 1
6 10 86 -1
3 9 86 1
1 9 86 1
2 4 87 -1
2 10 87 1
1 6 87 1
3 7 87 1
2 6 87 1
2 3 88 -1
1 8 88 1
1 3 88 -1
3 4 88 1
6 9 88 1
3 4 89 -1
3 5 89 -1
4 7 89 1
2 10 89 -1
6 7 89 1
1 7 90 1
5 10 90 1
3 10 90 1
7 9 90 -1
6 9 90 1
8 9 91 1
4 8 91 -1
4 6 91 -1
6 10 91 1
2 3 91 -1
3 8 92 -1
2 9 92 1
7 9 92 1
6 10 92 1
3 6 92 -1
2 6 93 1
2 4 93 1
4 9 93 1
2 10 93 1
4 6 93 1
6 10 94 1
2 5 94 1
3 8 94 -1
5 6 94 -1
1 5 94 1
1 3 95 1
3 8 95 1
3 7 95 1
8 9 95 -1
5 10 95 -1
3 4 96 1
3 10 96 1
1 5 96 1
8 10 96 1
3 6 96 -1
4 8 97 -1
1 6 97 -1
5 9 97 -1
5 8 97 -1
5 7 97 1
2 10 98 1
7 8 98 -1
6 10 98 1
3 7 98 1
8 9 98 1
4 6 99 -1
9 10 99 1
2 4 99 1
5 9 99 1
1 2 99 -1
2 10 100 1
3 7 100 1
8 10 100 1
5 9 100 1
7 9 100 -1
