1 8 1 -1
8 9 1 1
5 9 1 1
5 10 1 1
7 9 1 1
1 10 2 1
2 7 2 1
3 7 2 1
4 10 2 1
3 8 2 1
3 5 3 -1
4 10 3 1
2 4 3 1
2 9 3 1
4 9 3 1
5 10 4 1
7 9 4 -1
4 8 4 -1
6 8 4 -1
1 3 4 1
5 7 5 -1
4 6 5 -1
1 3 5 -1
5 6 5 -1
6 8 5 1
7 8 6 -1
4 6 6 1
2 9 6 1
2 6 6 1
1 3 6 1
3 4 7 1
1 4 7 1
1 2 7 1
5 10 7 1
2 10 7 1
7 10 8 -1
4 9 8 1
1 2 8 1
2 3 8 -1
4 8 8 -1
6 8 9 1
2 8 9 -1
4 8 9 1
4 6 9 -1
5 9 9 -1
8 9 10 1
2 10 10 1
5 10 10 1
4 5 10 1
1 9 10 -1
6 10 11 1
5 6 11 -1
6 9 11 1
8 10 11 -1
6 7 11 1
3 10 12 1
5 7 12 -1
3 4 12 1
2 6 12 -1
5 8 12 -1
1 9 13 -1
3 5 13 1
6 7 13 -1
6 9 13 -1
3 8 13 1
4 8 14 -1
2 4 14 -1
4 7 14 1
1 5 14 1
1 9 14 -1
7 9 15 1
2 6 15 1
6 10 15 1
4 9 15 -1
3 8 15 -1
7 8 16 -1
4 9 16 1
5 10 16 1
9 10 16 1
1 8 16 1
3 7 17 1
9 10 17 1
6 10 17 -1
1 2 17 1
5 6 17 1
4 8 18 -1
5 8 18 -1
4 7 18 -1
3 9 18 -1
3 7 18 1
2 3 19 -1
4 10 19 1
9 10 19 -1
3 10 19 1
6 10 19 1
3 4 20 1
3 9 20 1
4 7 20 -1
4 5 20 -1
1 2 20 -1
2 4 21 1
6 10 21 1
1 4 21 1
9 10 21 1
3 5 21 1
1 8 22 -1
4 7 22 1
2 9 22 -1
1 2 22 1
2 3 22 -1
1 4 23 1
5 10 23 -1
4 6 23 -1
3 8 23 -1
6 8 23 -1
4 9 24 1
4 8 24 1
3 6 24 1
3 5 24 -1
2 4 24 -1
4 9 25 -1
5 8 25 -1
1 5 25 1
6 9 25 1
4 10 25 -1
1 7 26 1
4 7 26 -1
7 9 26 1
9 10 26 1
8 10 26 1
2 7 27 1
3 9 27 1
5 8 27 -1
2 3 27 1
3 6 27 1
6 7 28 1
8 10 28 1
4 6 28 -1
7 8 28 -1
2 7 28 1
1 2 29 1
2 7 29 -1
2 10 29 1
3 4 29 1
1 5 29 1
3 6 30 -1
1 10 30 1
7 8 30 1
5 8 30 1
7 9 30 -1
2 7 31 -1
1 2 31 1
7 8 31 -1
6 8 31 -1
5 6 31 -1
5 7 32 -1
6 10 32 -1
3 5 32 1
3 7 32 1
7 8 32 -1
4 5 33 -1
1 5 33 -1
2 10 33 -1
5 8 33 -1
3 4 33 1
4 9 34 1
1 8 34 1
2 3 34 -1
3 5 34 1
1 10 34 1
2 4 35 1
4 8 35 -1
3 9 35 1
6 9 35 1
4 5 35 -1
1 3 36 -1
1 9 36 -1
4 10 36 1
1 6 36 -1
7 8 36 1
3 9 37 -1
5 10 37 1
3 6 37 1
9 10 37 -1
8 9 37 -1
5 9 38 1
2 10 38 1
4 6 38 1
5 7 38 1
7 10 38 1
2 6 39 1
7 10 39 -1
7 9 39 1
1 3 39 -1
3 6 39 1
8 10 40 1
2 9 40 -1
3 8 40 -1
3 5 40 -1
3 7 40 1
5 9 41 -1
2 9 41 -1
4 9 41 1
3 10 41 -1
4 10 41 1
8 10 42 1
1 7 42 1
7 10 42 1
5 9 42 -1
4 8 42 -1
4 9 43 -1
3 10 43 1
4 7 43 1
4 6 43 -1
3 5 43 -1
5 9 44 -1
7 9 44 -1
4 7 44 1
1 5 44 1
3 7 44 1
5 8 45 -1
1 10 45 1
4 8 45 -1
5 9 45 1
1 3 45 1
7 9 46 -1
3 6 46 1
4 9 46 1
6 8 46 -1
6 10 46 -1
8 9 47 1
5 7 47 1
5 10 47 1
1 2 47 1
5 8 47 1
5 8 48 -1
2 10 48 1
1 9 48 -1
1 8 48 -1
3 6 48 1
7 9 49 1
2 10 49 -1
3 5 49 1
9 10 49 1
1 6 49 1
8 9 50 1
3 4 50 1
5 7 50 -1
1 3 50 -1
4 8 50 -1
2 3 51 1
9 10 51 1
2 7 51 1
1 8 51 -1
5 10 51 1
6 9 52 1
6 10 52 1
3 4 52 -1
2 7 52 1
8 10 52 1
8 10 53 1
6 10 53 1
2 9 53 1
6 9 53 1
1 7 53 -1
6 8 54 1
1 10 54 -1
1 4 54 -1
3 6 54 1
4 9 54 1
1 10 55 -1
7 9 55 -1
1 2 55 -1
2 6 55 1
8 9 55 1
2 7 56 1
3 7 56 1
3 5 56 -1
5 10 56 1
5 6 56 -1
3 7 57 1
3 6 57 -1
3 4 57 1
3 5 57 -1
1 8 57 1
7 9 58 -1
2 3 58 -1
3 9 58 -1
1 2 58 -1
2 9 58 -1
7 9 59 1
1 4 59 -1
6 7 59 -1
3 10 59 1
7 8 59 -1
2 9 60 -1
2 4 60 1
5 7 60 1
2 10 60 1
8 9 60 1
5 8 61 -1
2 3 61 1
1 4 61 -1
6 10 61 1
5 9 61 -1
3 6 62 -1
6 7 62 1
2 6 62 -1
3 7 62 -1
4 8 62 -1
1 5 63 -1
2 5 63 -1
9 10 63 -1
8 10 63 1
3 4 63 -1
1 8 64 1
9 10 64 -1
4 5 64 1
5 9 64 -1
2 10 64 -1
6 7 65 1
7 9 65 -1
3 9 65 -1
7 8 65 -1
4 9 65 -1
5 10 66 1
5 8 66 1
7 9 66 -1
2 3 66 -1
1 8 66 -1
5 7 67 1
2 3 67 1
3 4 67 1
9 10 67 1
2 4 67 1
6 10 68 -1
1 3 68 -1
6 8 68 -1
1 9 68 -1
4 10 68 -1
2 5 69 -1
2 4 69 1
5 6 69 1
6 10 69 -1
2 7 69 1
1 3 70 1
1 2 70 1
6 7 70 1
6 9 70 1
1 5 70 1
3 6 71 1
3 8 71 -1
2 4 71 -1
5 6 71 -1
3 9 71 1
3 9 72 1
2 9 72 -1
2 6 72 -1
5 10 72 -1
2 3 72 -1
4 6 73 -1
2 8 73 1
2 4 73 1
1 9 73 1
4 10 73 1
1 4 74 1
1 8 74 1
2 8 74 -1
4 10 74 1
2 4 74 -1
1 6 75 -1
2 4 75 1
1 8 75 -1
5 6 75 1
2 3 75 -1
6 10 76 1
9 10 76 1
3 6 76 1
2 9 76 1
4 10 76 -1
7 9 77 -1
1 4 77 -1
3 8 77 -1
4 8 77 -1
8 9 77 1
2 7 78 1
3 10 78 1
1 8 78 1
3 6 78 -1
4 6 78 -1
4 7 79 1
5 6 79 1
2 7 79 1
1 6 79 -1
2 4 79 1
6 8 80 -1
4 9 80 -1
2 7 80 1
5 9 80 -1
1 10 80 1
6 8 81 -1
4 9 81 1
6 7 81 -1
3 7 81 -1
5 8 81 -1
4 6 82 -1
1 6 82 -1
5 6 82 1
1 2 82 1
4 5 82 -1
3 10 83 1
2 9 83 -1
5 10 83 1
8 10 83 1
2 5 83 -1
4 7 84 -1
1 2 84 -1
8 9 84 1
4 5 84 1
2 6 84 -1
1 9 85 -1
4 8 85 -1
3 4 85 1
1 10 85 1
6 8 85 -1
5 8 86 -1
3 6 86 1
2 3 86 1
4 10 86 1
5 6 86 1
5 8 87 -1
4 6 87 1
3 9 87 1
5 7 87 -1
3 4 87 -1
1 5 88 1
6 7 88 -1
2 8 88 1
4 9 88 1
5 10 88 1
1 5 89 -1
2 3 89 -1
3 4 89 -1
7 8 89 -1
6 7 89 1
1 10 90 1
5 8 90 -1
6 9 90 1
6 8 90 1
2 9 90 -1
3 6 91 1
2 4 91 1
2 3 91 -1
4 5 91 -1
1 6 91 -1
4 5 92 -1
2 10 92 1
3 8 92 -1
1 3 92 -1
6 8 92 -1
6 9 93 1
1 9 93 1
7 9 93 1
3 10 93 1
6 7 93 1
3 4 94 -1
2 9 94 1
4 9 94 1
2 5 94 1
7 8 94 1
8 10 95 1
3 8 95 1
5 7 95 -1
4 7 95 1
4 5 95 1
5 8 96 -1
1 6 96 -1
6 7 96 -1
1 7 96 -1
5 6 96 -1
4 7 97 1
4 8 97 -1
7 8 97 -1
4 9 97 1
3 4 97 -1
6 8 98 -1
3 6 98 1
1 2 98 -1
2 10 98 1
6 9 98 -1
1 3 99 1
1 2 99 -1
5 10 99 1
7 9 99 -1
2 8 99 1
1 3 100 1
4 7 100 1
1 5 100 -1
6 10 100 1
3 10 100 1
