4 10 1 1
8 10 1 1
1 5 1 -1
2 10 1 1
2 7 1 1
2 9 2 1
2 8 2 1
8 9 2 -1
2 6 2 1
1 10 2 1
2 9 3 1
4 5 3 1
4 7 3 1
1 9 3 1
5 9 3 -1
2 4 4 1
5 9 4 1
7 9 4 -1
4 10 4 1
2 6 4 -1
1 10 5 1
6 9 5 1
7 10 5 1
4 5 5 -1
7 9 5 1
5 6 6 -1
7 9 6 -1
9 10 6 1
6 7 6 1
1 4 6 -1
7 9 7 -1
1 9 7 1
4 5 7 -1
2 4 7 1
5 8 7 1
5 6 8 1
1 9 8 1
2 4 8 1
2 5 8 1
1 6 8 1
2 8 9 -1
2 7 9 -1
5 10 9 -1
1 5 9 1
3 4 9 -1
5 6 10 -1
1 6 10 -1
6 7 10 1
1 4 10 1
8 10 10 1
1 2 11 -1
4 9 11 1
1 8 11 -1
6 7 11 1
5 10 11 -1
3 7 12 1
1 10 12 1
2 9 12 1
2 3 12 1
6 7 12 1
1 2 13 -1
1 8 13 -1
4 10 13 1
7 9 13 -1
1 9 13 -1
2 5 14 -1
4 6 14 -1
5 7 14 1
1 7 14 1
3 7 14 1
1 8 15 -1
1 4 15 1
2 3 15 1
5 8 15 -1
6 8 15 -1
2 3 16 -1
4 10 16 1
4 6 16 1
5 9 16 -1
3 9 16 1
2 10 17 1
1 9 17 1
2 6 17 1
1 7 17 1
4 5 17 -1
4 7 18 -1
3 9 18 -1
7 9 18 -1
7 10 18 1
1 5 18 1
1 10 19 1
3 5 19 -1
4 7 19 1
6 9 19 1
6 7 19 1
7 9 20 -1
1 7 20 1
2 5 20 1
6 9 20 1
7 8 20 -1
7 9 21 -1
2 3 21 1
5 7 21 1
5 8 21 1
3 8 21 1
8 10 22 1
2 10 22 1
6 9 22 1
4 5 22 -1
4 9 22 -1
5 10 23 -1
4 10 23 -1
8 9 23 1
1 8 23 -1
7 9 23 -1
1 4 24 -1
5 7 24 1
4 5 24 1
5 8 24 1
3 10 24 -1
1 7 25 -1
1 5 25 1
1 6 25 -1
6 7 25 1
1 10 25 -1
7 8 26 -1
3 9 26 1
5 7 26 1
5 8 26 -1
1 9 26 1
2 8 27 -1
3 7 27 1
1 9 27 -1
2 6 27 1
4 5 27 -1
8 9 28 1
4 5 28 -1
6 8 28 -1
6 10 28 1
2 4 28 1
5 7 29 -1
3 4 29 1
8 10 29 1
3 5 29 1
6 7 29 -1
2 8 30 -1
3 4 30 1
6 7 30 1
6 8 30 1
3 8 30 1
5 8 31 -1
2 5 31 1
4 10 31 1
6 9 31 -1
1 9 31 -1
5 8 32 -1
6 9 32 -1
9 10 32 1
6 7 32 1
6 8 32 -1
5 10 33 1
6 7 33 1
3 5 33 1
7 10 33 1
4 8 33 -1
4 6 34 1
1 4 34 1
7 10 34 1
8 10 34 1
2 6 34 1
6 7 35 1
3 4 35 1
1 8 35 -1
7 9 35 -1
6 8 35 1
4 5 36 1
3 10 36 -1
3 7 36 -1
5 7 36 -1
4 10 36 1
3 10 37 -1
3 7 37 -1
6 9 37 -1
2 3 37 -1
6 8 37 -1
1 9 38 1
2 8 38 -1
2 6 38 -1
3 9 38 1
1 2 38 1
1 6 39 -1
6 8 39 -1
6 9 39 1
7 8 39 -1
5 8 39 1
7 10 40 1
1 8 40 -1
1 7 40 1
4 8 40 -1
1 3 40 1
1 4 41 1
4 5 41 1
3 8 41 1
6 10 41 1
5 7 41 -1
3 9 42 1
4 9 42 1
4 10 42 1
9 10 42 1
3 4 42 1
1 7 43 1
8 9 43 1
3 4 43 -1
9 10 43 1
3 8 43 -1
2 5 44 1
3 8 44 1
2 9 44 1
4 8 44 1
3 6 44 1
4 6 45 -1
5 7 45 1
1 5 45 -1
1 4 45 1
2 10 45 -1
6 7 46 1
7 8 46 -1
3 4 46 -1
1 10 46 1
2 9 46 -1
8 10 47 1
2 8 47 1
1 4 47 1
9 10 47 1
7 8 47 -1
1 8 48 -1
1 6 48 -1
1 2 48 -1
4 6 48 1
2 7 48 1
3 7 49 -1
1 10 49 1
7 10 49 1
1 6 49 1
4 9 49 1
1 8 50 -1
2 5 50 1
3 10 50 1
3 5 50 1
4 9 50 1
3 7 51 -1
8 9 51 1
1 9 51 -1
2 5 51 1
3 4 51 -1
1 9 52 1
4 10 52 1
3 7 52 1
5 7 52 1
1 8 52 -1
1 8 53 -1
3 7 53 -1
3 10 53 1
1 9 53 1
6 9 53 1
6 9 54 1
1 9 54 -1
4 7 54 1
2 10 54 1
5 8 54 -1
2 7 55 -1
1 10 55 -1
3 8 55 1
1 5 55 -1
7 10 55 1
3 4 56 -1
2 9 56 1
6 8 56 -1
2 4 56 1
2 5 56 1
1 10 57 1
6 9 57 1
3 7 57 1
3 9 57 1
5 7 57 1
5 7 58 -1
3 4 58 -1
4 6 58 -1
2 10 58 -1
6 7 58 1
6 7 59 -1
9 10 59 1
2 3 59 -1
5 8 59 -1
2 9 59 -1
7 10 60 1
7 9 60 -1
1 10 60 1
2 3 60 -1
3 5 60 1
3 7 61 -1
6 8 61 -1
1 2 61 -1
1 3 61 -1
5 9 61 -1
3 5 62 -1
6 8 62 -1
2 9 62 -1
2 4 62 -1
2 8 62 -1
7 9 63 -1
4 6 63 1
4 7 63 1
3 10 63 -1
6 7 63 -1
1 4 64 1
3 4 64 1
4 9 64 1
7 10 64 1
3 6 64 -1
6 7 65 1
4 10 65 1
1 5 65 1
1 4 65 -1
1 10 65 1
2 3 66 -1
5 8 66 1
1 10 66 1
1 4 66 1
3 6 66 -1
4 8 67 -1
1 8 67 1
2 7 67 -1
2 9 67 -1
3 5 67 -1
7 9 68 -1
7 8 68 -1
1 9 68 -1
5 9 68 1
8 9 68 1
1 5 69 -1
4 7 69 1
2 4 69 1
3 6 69 1
2 7 69 1
4 7 70 1
4 6 70 1
1 8 70 1
3 8 70 -1
5 7 70 1
1 2 71 1
2 10 71 -1
3 5 71 1
8 10 71 1
7 10 71 1
2 6 72 -1
1 4 72 1
3 10 72 1
3 5 72 1
1 10 72 1
1 5 73 -1
1 7 73 -1
9 10 73 1
1 4 73 1
3 4 73 1
1 2 74 1
1 9 74 1
1 3 74 1
2 9 74 -1
3 7 74 1
1 10 75 1
2 7 75 1
3 10 75 1
3 8 75 -1
3 5 75 -1
4 10 76 -1
9 10 76 1
1 9 76 -1
2 4 76 1
5 10 76 -1
8 10 77 1
4 9 77 -1
3 8 77 -1
2 3 77 -1
4 8 77 -1
8 9 78 1
2 9 78 1
5 10 78 1
5 7 78 1
6 10 78 1
5 9 79 1
2 9 79 1
4 6 79 1
8 10 79 1
1 4 79 -1
1 10 80 1
7 9 80 -1
4 6 80 -1
3 10 80 1
2 7 80 1
4 7 81 -1
3 5 81 -1
1 7 81 1
1 3 81 1
2 7 81 -1
8 9 82 1
5 9 82 1
4 10 82 -1
2 3 82 -1
3 4 82 1
3 7 83 1
3 5 83 -1
6 10 83 1
4 9 83 -1
4 6 83 -1
4 8 84 -1
3 6 84 -1
3 5 84 1
5 7 84 -1
4 6 84 -1
3 10 85 1
1 8 85 -1
2 9 85 -1
2 3 85 1
5 10 85 1
2 6 86 1
3 10 86 1
6 10 86 -1
1 5 86 1
4 8 86 -1
2 9 87 1
2 8 87 1
7 9 87 1
5 6 87 -1
9 10 87 -1
2 3 88 -1
8 9 88 1
8 10 88 1
2 4 88 1
3 4 88 1
6 8 89 -1
4 7 89 1
2 6 89 -1
4 8 89 -1
6 10 89 1
2 8 90 -1
7 9 90 -1
2 5 90 -1
5 9 90 -1
3 4 90 -1
4 6 91 -1
3 7 91 1
4 9 91 -1
9 10 91 1
6 8 91 -1
3 6 92 -1
1 3 92 -1
3 4 92 1
2 5 92 -1
2 10 92 1
3 6 93 1
4 5 93 1
4 6 93 1
3 10 93 1
9 10 93 1
5 9 94 -1
7 10 94 1
5 7 94 -1
5 6 94 -1
1 8 94 1
4 5 95 1
1 9 95 1
3 7 95 1
2 7 95 -1
6 10 95 -1
1 8 96 -1
6 10 96 1
5 6 96 -1
2 9 96 1
1 7 96 -1
3 9 97 -1
1 2 97 1
6 9 97 1
3 5 97 1
2 5 97 1
9 10 98 1
5 7 98 1
2 6 98 1
5 10 98 1
7 10 98 -1
8 9 99 1
2 7 99 1
3 10 99 1
1 2 99 -1
2 10 99 1
5 8 100 -1
6 7 100 1
1 3 100 1
2 8 100 -1
3 4 100 1
