4 8 1 -1
2 5 1 -1
8 10 1 1
6 10 1 1
3 9 1 1
1 10 2 1
6 9 2 -1
4 5 2 1
5 8 2 1
3 10 2 1
5 7 3 -1
2 9 3 1
7 10 3 1
3 5 3 -1
4 5 3 1
3 4 4 1
1 3 4 1
1 5 4 1
7 8 4 -1
7 9 4 -1
3 6 5 -1
3 9 5 1
4 6 5 -1
1 4 5 1
1 8 5 -1
5 7 6 1
4 10 6 1
5 6 6 -1
9 10 6 1
1 5 6 1
5 6 7 1
3 9 7 1
8 10 7 1
4 8 7 -1
1 9 7 1
3 8 8 -1
1 6 8 1
3 10 8 1
5 7 8 -1
3 7 8 1
1 3 9 -1
4 10 9 1
3 8 9 -1
4 6 9 -1
8 9 9 1
1 9 10 -1
4 6 10 -1
6 10 10 1
2 7 10 1
2 4 10 -1
3 9 11 1
4 9 11 1
3 8 11 -1
6 9 11 1
3 7 11 1
6 8 12 1
2 4 12 1
2 7 12 1
4 10 12 -1
1 4 12 1
6 8 13 -1
4 5 13 1
1 4 13 1
4 8 13 -1
2 6 13 1
1 7 14 1
1 8 14 1
5 7 14 1
8 9 14 -1
4 10 14 1
3 8 15 -1
5 10 15 1
1 4 15 1
1 7 15 -1
8 10 15 1
6 7 16 1
1 2 16 1
7 10 16 1
5 9 16 -1
2 6 16 -1
4 8 17 -1
1 10 17 1
2 10 17 1
8 10 17 1
2 3 17 1
1 3 18 -1
3 7 18 1
1 6 18 1
6 8 18 -1
4 5 18 1
3 9 19 1
5 6 19 -1
2 8 19 -1
8 10 19 1
4 6 19 -1
6 10 20 1
8 10 20 1
2 8 20 -1
4 9 20 -1
1 4 20 1
1 8 21 1
3 8 21 1
9 10 21 1
2 5 21 1
1 7 21 1
3 8 22 -1
7 9 22 -1
5 9 22 1
4 10 22 1
4 8 22 -1
4 9 23 -1
1 4 23 1
7 10 23 -1
4 10 23 -1
6 7 23 1
6 7 24 -1
4 5 24 1
4 7 24 1
3 5 24 -1
2 6 24 1
8 9 25 1
5 7 25 -1
2 6 25 -1
6 10 25 1
7 10 25 1
5 9 26 1
1 4 26 1
5 6 26 -1
2 7 26 -1
3 7 26 1
4 9 27 -1
5 8 27 -1
2 8 27 -1
3 7 27 1
7 8 27 -1
2 4 28 1
8 9 28 1
6 7 28 1
5 9 28 1
1 2 28 1
3 4 29 1
1 10 29 1
5 7 29 -1
7 8 29 -1
4 6 29 1
3 9 30 -1
4 6 30 -1
1 9 30 -1
1 5 30 1
6 7 30 1
3 9 31 1
7 8 31 -1
1 3 31 -1
6 7 31 -1
1 10 31 1
4 10 32 -1
5 7 32 -1
5 10 32 -1
4 8 32 -1
5 9 32 -1
9 10 33 -1
6 7 33 1
8 10 33 1
3 10 33 1
6 10 33 1
1 6 34 1
3 8 34 1
6 10 34 -1
8 9 34 1
3 7 34 1
7 10 35 1
2 9 35 1
7 9 35 -1
6 8 35 1
3 5 35 -1
3 5 36 1
6 8 36 1
7 10 36 1
3 8 36 1
2 6 36 -1
4 6 37 1
4 8 37 1
3 8 37 1
1 7 37 1
3 9 37 -1
3 9 38 1
4 10 38 1
4 6 38 1
5 10 38 1
1 3 38 -1
2 5 39 -1
7 10 39 -1
1 3 39 -1
1 4 39 1
5 6 39 1
5 6 40 1
6 10 40 1
5 9 40 1
1 7 40 1
1 5 40 1
2 9 41 -1
3 7 41 1
9 10 41 -1
6 7 41 1
3 5 41 1
4 5 42 1
6 9 42 -1
1 3 42 -1
1 9 42 1
2 8 42 -1
5 7 43 1
2 3 43 1
1 6 43 -1
2 5 43 1
6 7 43 1
7 8 44 -1
3 5 44 1
2 9 44 1
5 8 44 -1
8 9 44 -1
5 7 45 1
5 8 45 -1
3 9 45 1
5 9 45 1
9 10 45 1
1 2 46 1
5 9 46 -1
3 5 46 1
6 8 46 -1
1 3 46 1
2 9 47 1
8 10 47 1
1 8 47 1
6 7 47 1
1 7 47 1
7 9 48 -1
2 4 48 1
3 5 48 1
3 4 48 1
6 8 48 -1
7 10 49 1
8 10 49 1
5 10 49 -1
1 5 49 1
5 9 49 -1
6 8 50 -1
2 10 50 1
3 6 50 1
1 8 50 -1
1 7 50 1
1 9 51 -1
5 9 51 1
1 6 51 -1
2 8 51 1
1 8 51 -1
1 9 52 1
3 6 52 -1
6 8 52 1
2 10 52 1
2 6 52 -1
3 8 53 -1
3 9 53 1
2 5 53 1
6 10 53 1
4 6 53 -1
1 3 54 -1
2 9 54 1
7 8 54 -1
1 8 54 -1
1 5 54 -1
1 4 55 1
6 8 55 -1
8 10 55 1
2 8 55 -1
7 10 55 1
1 2 56 -1
3 4 56 -1
6 7 56 1
4 10 56 1
5 9 56 1
6 8 57 1
7 10 57 1
1 5 57 1
2 6 57 -1
3 10 57 1
7 8 58 1
4 10 58 -1
1 4 58 -1
5 7 58 -1
7 10 58 -1
7 10 59 1
1 8 59 -1
1 3 59 -1
8 10 59 1
4 8 59 1
2 7 60 1
5 6 60 1
1 9 60 -1
5 7 60 1
2 4 60 1
1 10 61 1
9 10 61 1
7 8 61 1
3 5 61 1
2 6 61 1
2 4 62 -1
2 10 62 -1
3 6 62 -1
4 8 62 -1
6 8 62 -1
9 10 63 -1
4 6 63 1
1 4 63 -1
2 5 63 -1
3 5 63 -1
6 10 64 1
3 8 64 -1
2 3 64 -1
3 6 64 -1
8 10 64 1
6 8 65 -1
3 4 65 1
3 8 65 -1
6 7 65 1
2 9 65 -1
3 10 66 1
1 5 66 -1
6 9 66 1
2 9 66 1
2 10 66 1
5 6 67 1
4 9 67 -1
3 7 67 -1
3 8 67 -1
2 5 67 -1
9 10 68 1
2 8 68 -1
3 10 68 1
1 2 68 -1
4 10 68 -1
4 6 69 1
1 4 69 -1
2 6 69 1
3 6 69 1
7 10 69 -1
1 3 70 1
2 5 70 1
6 9 70 1
1 2 70 1
2 4 70 -1
3 5 71 1
2 3 71 -1
1 10 71 1
6 9 71 -1
2 9 71 -1
2 10 72 -1
3 5 72 1
4 6 72 -1
2 5 72 1
6 8 72 1
3 9 73 1
4 9 73 -1
3 10 73 1
8 10 73 1
1 3 73 -1
4 8 74 -1
3 6 74 1
8 9 74 1
3 7 74 1
1 7 74 1
1 10 75 1
3 9 75 1
2 7 75 1
4 8 75 -1
5 9 75 1
4 5 76 1
1 7 76 -1
3 6 76 1
1 3 76 -1
4 9 76 -1
6 9 77 -1
5 9 77 -1
2 7 77 1
3 6 77 1
2 6 77 1
4 8 78 1
6 10 78 1
2 9 78 1
4 6 78 -1
1 2 78 -1
1 9 79 1
6 8 79 1
1 10 79 1
1 8 79 -1
8 9 79 1
3 7 80 1
3 4 80 1
2 9 80 -1
1 6 80 -1
2 6 80 -1
6 7 81 -1
3 4 81 -1
3 9 81 1
2 8 81 -1
4 9 81 1
8 9 82 1
1 10 82 1
2 7 82 -1
8 10 82 1
1 8 82 -1
3 10 83 1
2 5 83 -1
2 4 83 -1
2 8 83 -1
2 10 83 1
2 9 84 -1
4 7 84 -1
2 3 84 1
4 6 84 -1
5 6 84 -1
5 9 85 1
1 9 85 -1
2 10 85 1
7 8 85 -1
5 6 85 1
5 7 86 1
1 3 86 -1
4 8 86 -1
8 9 86 1
8 10 86 1
1 3 87 -1
1 7 87 1
4 9 87 1
7 9 87 1
2 10 87 1
4 8 88 -1
2 3 88 -1
7 9 88 1
6 9 88 1
5 7 88 1
3 8 89 -1
3 9 89 1
7 8 89 -1
2 10 89 -1
8 10 89 1
1 8 90 -1
4 9 90 1
7 9 90 -1
5 7 90 1
2 9 90 -1
3 9 91 1
1 4 91 1
1 7 91 1
3 4 91 1
4 8 91 -1
3 5 92 1
5 9 92 1
1 9 92 1
4 5 92 -1
4 9 92 1
2 8 93 -1
1 7 93 1
5 7 93 -1
1 4 93 1
4 10 93 1
2 10 94 1
3 6 94 1
6 8 94 -1
4 6 94 1
5 7 94 -1
2 10 95 -1
6 8 95 -1
6 10 95 -1
9 10 95 1
5 8 95 -1
1 3 96 -1
5 7 96 -1
1 8 96 -1
6 10 96 1
7 8 96 1
3 4 97 -1
6 9 97 1
6 10 97 1
9 10 97 1
5 9 97 -1
1 4 98 -1
8 9 98 1
1 3 98 -1
2 10 98 1
3 8 98 1
4 6 99 -1
8 9 99 1
7 10 99 1
6 8 99 -1
3 8 99 -1
2 6 100 1
1 9 100 1
5 9 100 1
7 10 100 -1
5 10 100 1
