8 9 1 1
4 6 1 -1
2 8 1 -1
2 4 1 1
4 8 1 -1
4 8 2 1
5 6 2 1
2 3 2 1
1 10 2 1
2 5 2 1
4 8 3 1
8 10 3 -1
5 7 3 -1
6 8 3 1
1 10 3 1
1 7 4 1
2 4 4 1
6 8 4 -1
5 10 4 1
1 8 4 -1
5 8 5 -1
6 8 5 1
2 5 5 1
3 8 5 -1
2 10 5 1
3 5 6 1
4 5 6 1
8 9 6 1
7 8 6 -1
1 3 6 1
5 9 7 1
4 8 7 -1
3 5 7 -1
4 10 7 1
4 6 7 -1
3 8 8 -1
5 7 8 -1
4 9 8 1
2 7 8 1
5 9 8 -1
7 8 9 1
5 9 9 -1
1 8 9 -1
5 8 9 -1
4 8 9 1
1 10 10 1
2 6 10 -1
7 8 10 -1
4 5 10 1
5 8 10 -1
6 7 11 1
5 10 11 -1
1 6 11 -1
1 2 11 -1
2 10 11 -1
1 3 12 1
1 8 12 -1
5 10 12 -1
4 6 12 -1
8 10 12 1
5 8 13 -1
2 8 13 -1
4 6 13 1
9 10 13 1
1 10 13 1
3 8 14 -1
3 5 14 1
7 10 14 1
3 9 14 -1
4 7 14 1
6 7 15 -1
1 5 15 -1
2 7 15 1
1 9 15 -1
1 2 15 -1
1 4 16 1
1 8 16 1
4 7 16 1
3 5 16 1
3 10 16 1
3 6 17 1
3 7 17 1
3 9 17 -1
1 6 17 1
3 10 17 1
1 6 18 1
5 8 18 -1
1 5 18 1
3 4 18 1
7 8 18 -1
3 8 19 -1
2 9 19 1
3 7 19 1
5 10 19 1
2 5 19 -1
2 7 20 1
8 9 20 1
4 7 20 -1
5 9 20 -1
1 7 20 1
8 9 21 -1
1 3 21 1
3 10 21 1
3 8 21 1
6 10 21 1
7 10 22 1
7 8 22 -1
8 9 22 1
6 7 22 1
5 8 22 -1
7 9 23 -1
2 7 23 1
5 9 23 -1
7 8 23 -1
2 6 23 -1
2 10 24 1
3 6 24 1
1 6 24 1
2 4 24 -1
9 10 24 -1
9 10 25 -1
8 9 25 1
4 10 25 -1
1 6 25 -1
8 10 25 1
5 6 26 -1
2 9 26 -1
2 5 26 -1
7 9 26 1
6 10 26 1
6 10 27 1
4 8 27 -1
5 10 27 1
1 10 27 -1
3 4 27 1
9 10 28 1
5 8 28 -1
2 3 28 -1
8 10 28 1
3 9 28 1
1 10 29 1
4 6 29 1
8 9 29 1
4 10 29 1
4 8 29 -1
1 6 30 1
8 9 30 -1
4 5 30 -1
2 7 30 -1
5 10 30 1
3 9 31 1
8 10 31 1
1 8 31 -1
7 10 31 1
1 10 31 1
2 3 32 -1
8 10 32 1
7 10 32 -1
8 9 32 1
9 10 32 1
6 10 33 1
2 7 33 -1
8 10 33 1
1 7 33 1
3 8 33 -1
4 8 34 1
2 10 34 1
3 9 34 1
6 9 34 -1
3 7 34 1
3 4 35 1
5 10 35 1
1 10 35 1
3 9 35 1
7 10 35 1
2 4 36 -1
3 8 36 1
1 2 36 -1
2 10 36 1
6 8 36 1
3 10 37 -1
5 9 37 1
2 7 37 -1
1 2 37 1
5 7 37 1
3 7 38 1
1 6 38 1
3 10 38 1
2 8 38 -1
1 4 38 1
6 10 39 1
3 7 39 1
8 10 39 1
1 4 39 1
5 10 39 1
5 7 40 1
5 6 40 1
4 6 40 -1
5 10 40 1
1 4 40 1
5 9 41 -1
6 10 41 1
3 9 41 1
4 6 41 1
1 8 41 1
3 8 42 -1
2 10 42 1
3 6 42 1
6 7 42 -1
6 8 42 -1
1 7 43 1
3 8 43 -1
7 8 43 -1
2 7 43 1
1 5 43 -1
1 5 44 1
2 9 44 1
3 6 44 1
2 4 44 -1
5 10 44 -1
7 8 45 -1
5 7 45 1
4 7 45 1
7 9 45 1
1 9 45 1
6 10 46 -1
1 7 46 1
5 8 46 -1
6 9 46 -1
2 7 46 1
2 10 47 1
6 7 47 1
2 5 47 -1
1 9 47 1
1 7 47 1
1 5 48 -1
3 5 48 1
6 9 48 -1
7 8 48 -1
1 9 48 -1
1 9 49 1
3 10 49 1
3 5 49 1
6 9 49 -1
3 9 49 -1
4 10 50 1
3 5 50 1
1 3 50 -1
1 5 50 1
2 5 50 1
7 10 51 1
4 7 51 1
9 10 51 1
8 10 51 1
5 6 51 1
2 10 52 1
4 5 52 -1
3 4 52 -1
7 8 52 -1
4 6 52 -1
1 3 53 1
3 7 53 -1
4 5 53 -1
2 7 53 1
7 10 53 1
1 2 54 -1
6 8 54 1
4 6 54 -1
1 3 54 -1
3 6 54 1
2 5 55 -1
3 4 55 1
5 7 55 -1
1 3 55 -1
5 8 55 -1
1 9 56 1
3 10 56 1
1 10 56 1
3 7 56 1
4 9 56 1
1 7 57 1
1 9 57 1
2 3 57 1
6 8 57 1
1 2 57 1
4 7 58 1
4 9 58 -1
9 10 58 1
5 8 58 -1
2 7 58 -1
3 5 59 1
5 9 59 -1
5 7 59 -1
1 3 59 -1
3 4 59 1
7 10 60 1
1 4 60 1
5 9 60 -1
4 5 60 -1
1 10 60 1
7 9 61 1
3 4 61 1
1 5 61 1
4 9 61 1
6 8 61 -1
2 6 62 -1
2 9 62 -1
3 7 62 -1
3 6 62 -1
3 9 62 -1
9 10 63 -1
2 5 63 -1
8 9 63 1
6 8 63 -1
2 6 63 1
2 9 64 -1
1 3 64 1
2 6 64 -1
2 5 64 -1
6 8 64 1
1 3 65 -1
5 8 65 -1
1 8 65 -1
2 4 65 -1
7 8 65 -1
4 7 66 1
2 5 66 -1
3 4 66 1
3 9 66 1
1 10 66 1
4 6 67 -1
5 7 67 1
6 9 67 -1
3 7 67 -1
8 9 67 1
3 4 68 1
6 10 68 -1
1 3 68 -1
2 7 68 1
4 10 68 -1
3 6 69 1
2 7 69 1
3 7 69 1
9 10 69 1
3 5 69 -1
3 4 70 -1
1 8 70 1
4 10 70 1
2 5 70 1
8 9 70 1
4 8 71 -1
1 10 71 1
1 8 71 -1
4 7 71 1
2 7 71 -1
3 9 72 1
1 6 72 -1
6 8 72 1
6 7 72 1
2 10 72 -1
7 8 73 -1
7 10 73 1
7 9 73 1
4 10 73 1
3 7 73 1
3 7 74 1
2 9 74 -1
2 3 74 -1
3 9 74 1
1 7 74 1
7 9 75 -1
1 5 75 -1
3 6 75 -1
6 9 75 1
3 5 75 -1
7 10 76 1
3 6 76 1
8 10 76 1
2 10 76 1
4 9 76 -1
2 3 77 -1
4 9 77 -1
5 9 77 -1
3 4 77 1
6 10 77 -1
2 9 78 1
5 6 78 1
3 4 78 -1
3 10 78 1
3 7 78 -1
7 9 79 1
1 6 79 -1
8 10 79 1
2 9 79 1
4 5 79 -1
2 8 80 -1
4 7 80 1
3 7 80 1
6 8 80 -1
3 8 80 -1
1 3 81 1
6 7 81 -1
2 5 81 1
3 6 81 -1
4 10 81 1
5 9 82 1
6 10 82 1
1 3 82 -1
6 9 82 1
7 8 82 -1
5 10 83 1
4 8 83 -1
6 7 83 1
1 4 83 -1
7 9 83 -1
2 4 84 1
2 3 84 1
3 4 84 1
1 9 84 -1
5 8 84 -1
3 7 85 1
5 10 85 1
1 3 85 -1
6 10 85 1
1 5 85 -1
7 8 86 -1
5 8 86 -1
8 9 86 1
3 4 86 1
6 7 86 1
2 5 87 1
2 7 87 1
2 3 87 1
8 9 87 1
6 8 87 -1
3 8 88 1
6 9 88 1
4 7 88 -1
1 9 88 1
1 2 88 -1
3 6 89 1
5 8 89 1
4 7 89 1
3 5 89 -1
1 9 89 -1
3 5 90 1
1 3 90 -1
1 8 90 -1
1 9 90 -1
2 8 90 -1
7 9 91 -1
3 8 91 -1
2 5 91 -1
5 7 91 1
5 6 91 -1
6 9 92 1
8 10 92 1
7 8 92 -1
4 6 92 -1
5 7 92 1
1 4 93 1
8 10 93 1
2 10 93 1
3 10 93 1
7 10 93 1
2 9 94 1
1 9 94 1
6 10 94 1
2 10 94 1
8 10 94 1
7 10 95 1
1 10 95 1
1 5 95 1
6 9 95 -1
3 6 95 1
3 10 96 1
2 9 96 1
5 8 96 -1
1 9 96 1
3 4 96 1
3 6 97 -1
7 10 97 1
2 7 97 1
4 9 97 1
1 9 97 1
8 9 98 1
5 10 98 1
3 7 98 1
1 4 98 -1
5 9 98 -1
6 8 99 -1
1 5 99 -1
3 6 99 -1
2 5 99 -1
7 9 99 -1
2 8 100 -1
2 3 100 1
1 10 100 1
7 8 100 -1
5 8 100 -1
