7 10 1 1
9 10 1 1
2 6 1 -1
1 3 1 -1
2 3 1 -1
4 7 2 1
2 6 2 1
8 10 2 1
3 7 2 1
5 7 2 1
1 5 3 1
7 10 3 1
1 3 3 1
3 6 3 -1
5 7 3 -1
4 6 4 -1
5 9 4 1
2 9 4 1
2 3 4 1
3 5 4 -1
2 7 5 -1
4 6 5 -1
3 10 5 1
1 4 5 1
1 10 5 1
6 7 6 1
3 7 6 1
6 9 6 1
4 5 6 1
6 10 6 1
2 4 7 1
4 6 7 -1
3 5 7 -1
5 7 7 1
6 7 7 1
3 4 8 1
5 9 8 -1
5 10 8 -1
1 3 8 1
2 5 8 1
3 10 9 1
7 9 9 1
1 6 9 -1
7 8 9 1
5 7 9 -1
6 8 10 -1
3 4 10 1
5 8 10 -1
2 8 10 -1
4 7 10 1
7 8 11 -1
7 10 11 -1
5 7 11 1
2 8 11 -1
1 4 11 -1
8 10 12 1
4 10 12 -1
2 9 12 1
2 4 12 1
1 9 12 1
7 10 13 1
4 8 13 -1
6 10 13 -1
4 10 13 1
1 6 13 1
4 10 14 1
3 9 14 -1
3 7 14 1
2 6 14 -1
2 8 14 -1
2 4 15 1
4 10 15 1
6 8 15 -1
1 8 15 -1
2 10 15 1
7 8 16 -1
3 10 16 1
2 6 16 -1
1 4 16 1
6 8 16 -1
3 9 17 -1
3 5 17 -1
1 4 17 1
2 10 17 1
3 7 17 1
2 7 18 1
6 10 18 1
6 7 18 -1
1 8 18 -1
2 9 18 1
2 5 19 -1
2 6 19 -1
5 8 19 -1
6 10 19 1
5 7 19 1
2 4 20 1
5 9 20 -1
1 2 20 -1
4 8 20 -1
6 7 20 1
5 7 21 1
4 10 21 1
4 7 21 1
4 9 21 -1
4 5 21 -1
1 5 22 -1
2 6 22 -1
7 9 22 -1
2 3 22 -1
6 7 22 1
1 2 23 -1
3 5 23 1
9 10 23 1
1 3 23 -1
2 8 23 -1
5 9 24 1
9 10 24 -1
1 3 24 1
1 5 24 -1
6 10 24 -1
6 7 25 1
3 5 25 1
1 3 25 -1
3 4 25 1
7 10 25 1
6 10 26 1
1 7 26 1
5 8 26 -1
9 10 26 1
5 10 26 1
2 4 27 1
6 7 27 1
1 10 27 -1
1 7 27 -1
4 7 27 -1
1 7 28 1
8 9 28 1
2 4 28 1
2 8 28 -1
2 10 28 1
3 8 29 -1
4 8 29 -1
2 5 29 -1
1 7 29 -1
1 8 29 -1
4 7 30 -1
6 9 30 -1
8 9 30 -1
1 2 30 1
2 10 30 1
3 7 31 1
3 9 31 1
9 10 31 1
4 9 31 1
5 8 31 -1
1 5 32 1
2 6 32 -1
3 5 32 1
5 10 32 -1
1 10 32 1
8 9 33 1
2 7 33 -1
1 6 33 -1
9 10 33 -1
4 10 33 1
2 10 34 1
1 9 34 1
7 8 34 -1
4 6 34 1
1 2 34 1
1 2 35 1
7 8 35 -1
4 7 35 -1
1 9 35 1
2 3 35 1
4 10 36 1
1 10 36 -1
1 6 36 -1
1 9 36 -1
8 9 36 -1
8 10 37 -1
4 5 37 -1
3 6 37 1
5 9 37 1
6 10 37 -1
2 4 38 -1
2 10 38 1
1 10 38 1
6 10 38 1
8 9 38 1
1 9 39 1
2 4 39 1
2 8 39 -1
7 9 39 1
5 8 39 1
6 10 40 1
3 4 40 1
9 10 40 1
5 9 40 1
8 9 40 1
2 9 41 -1
3 10 41 -1
7 8 41 1
2 10 41 -1
2 7 41 -1
5 8 42 -1
2 8 42 -1
6 9 42 -1
6 7 42 -1
7 10 42 1
3 4 43 -1
3 10 43 1
1 5 43 -1
2 9 43 1
2 7 43 1
2 3 44 1
4 10 44 1
3 10 44 1
1 6 44 1
1 5 44 1
8 10 45 1
6 10 45 1
8 9 45 1
6 9 45 1
4 10 45 1
8 10 46 1
6 9 46 -1
3 10 46 1
3 5 46 1
5 7 46 1
9 10 47 1
1 8 47 1
3 6 47 1
2 6 47 1
5 8 47 1
2 9 48 -1
2 6 48 1
4 5 48 -1
4 10 48 1
3 7 48 1
2 3 49 -1
1 8 49 1
5 10 49 -1
7 8 49 1
3 9 49 -1
4 6 50 1
4 10 50 1
2 10 50 1
1 5 50 1
2 4 50 1
1 3 51 1
2 8 51 1
6 8 51 -1
7 8 51 -1
5 10 51 1
6 8 52 1
3 6 52 -1
2 9 52 -1
8 9 52 1
1 10 52 1
4 8 53 -1
1 6 53 -1
6 9 53 1
3 4 53 1
2 5 53 1
1 10 54 -1
5 9 54 -1
4 9 54 1
1 7 54 -1
1 4 54 -1
6 10 55 -1
1 8 55 -1
5 9 55 -1
5 8 55 -1
2 6 55 1
4 10 56 1
1 10 56 1
3 6 56 -1
3 5 56 -1
2 4 56 1
5 10 57 1
1 9 57 1
6 7 57 1
5 6 57 -1
7 9 57 1
6 10 58 1
1 2 58 -1
3 5 58 1
4 10 58 -1
6 7 58 1
6 8 59 -1
2 5 59 -1
4 7 59 1
5 8 59 -1
5 10 59 1
2 8 60 -1
5 7 60 1
5 6 60 1
1 9 60 -1
1 8 60 -1
3 4 61 1
4 5 61 1
2 5 61 1
7 8 61 1
1 9 61 -1
5 6 62 -1
3 10 62 -1
6 8 62 -1
2 10 62 -1
2 3 62 1
2 9 63 1
7 8 63 -1
1 3 63 -1
5 7 63 1
1 7 63 1
6 10 64 1
1 3 64 1
4 10 64 -1
5 6 64 -1
2 7 64 -1
4 8 65 -1
8 9 65 1
3 6 65 -1
1 6 65 -1
1 4 65 -1
4 6 66 -1
1 5 66 -1
5 9 66 1
2 7 66 1
7 9 66 -1
5 10 67 1
1 10 67 1
3 8 67 -1
2 3 67 1
3 10 67 1
7 9 68 -1
1 8 68 -1
1 9 68 -1
4 10 68 -1
3 7 68 1
6 9 69 -1
6 10 69 -1
2 8 69 1
8 10 69 1
1 9 69 1
3 7 70 1
2 10 70 1
3 4 70 -1
6 8 70 -1
1 3 70 1
1 10 71 1
6 10 71 -1
6 7 71 -1
4 6 71 1
6 9 71 -1
5 6 72 -1
8 9 72 1
5 9 72 -1
5 8 72 -1
1 7 72 1
1 2 73 -1
2 3 73 1
3 7 73 1
3 4 73 1
5 6 73 1
5 8 74 -1
4 7 74 1
1 6 74 1
4 9 74 -1
1 2 74 1
2 9 75 -1
1 3 75 -1
8 9 75 1
1 7 75 1
2 6 75 -1
6 9 76 1
1 5 76 1
2 6 76 -1
3 8 76 -1
2 9 76 1
3 5 77 1
4 10 77 1
2 4 77 1
5 9 77 -1
1 8 77 -1
1 5 78 -1
4 9 78 1
1 7 78 -1
7 8 78 1
3 6 78 -1
2 7 79 1
6 7 79 1
4 9 79 1
1 6 79 -1
6 8 79 1
1 5 80 -1
8 9 80 1
6 10 80 1
7 8 80 -1
5 10 80 1
6 8 81 -1
3 5 81 -1
6 9 81 1
8 9 81 1
3 6 81 -1
5 8 82 1
1 4 82 1
1 9 82 1
4 8 82 -1
3 8 82 -1
1 5 83 -1
3 9 83 1
7 8 83 -1
4 8 83 -1
7 10 83 1
9 10 84 1
1 7 84 -1
6 10 84 1
5 7 84 -1
8 9 84 1
5 10 85 1
4 10 85 -1
3 4 85 1
1 8 85 -1
5 8 85 1
5 7 86 1
6 8 86 -1
3 10 86 1
5 8 86 -1
2 5 86 1
5 6 87 -1
5 10 87 -1
1 10 87 1
2 8 87 1
3 10 87 1
3 4 88 1
9 10 88 1
1 8 88 1
4 10 88 1
3 7 88 1
3 8 89 -1
5 6 89 1
3 6 89 1
2 5 89 -1
6 8 89 -1
4 5 90 1
1 10 90 1
2 9 90 -1
5 10 90 1
3 10 90 1
2 9 91 -1
2 6 91 -1
2 3 91 -1
2 7 91 1
2 5 91 -1
4 10 92 1
5 6 92 -1
2 10 92 1
4 6 92 -1
3 5 92 1
2 10 93 1
1 5 93 1
3 10 93 1
2 4 93 1
2 9 93 1
5 8 94 -1
2 9 94 1
8 10 94 1
7 9 94 1
5 6 94 -1
3 6 95 1
3 9 95 1
1 4 95 1
2 3 95 -1
2 4 95 -1
1 8 96 -1
1 5 96 1
2 10 96 1
1 6 96 -1
3 8 96 -1
1 6 97 -1
5 9 97 -1
5 10 97 1
7 10 97 1
1 3 97 1
3 4 98 1
7 10 98 -1
1 7 98 1
4 8 98 -1
1 10 98 1
6 7 99 1
1 9 99 1
5 6 99 1
2 6 99 1
4 7 99 1
1 8 100 -1
2 7 100 1
3 9 100 1
1 3 100 1
5 6 100 1
