1 4 1 1
6 10 1 1
1 2 1 1
1 6 1 -1
3 4 1 1
2 4 2 1
2 6 2 1
3 6 2 1
1 10 2 1
4 5 2 1
6 8 3 1
1 5 3 1
3 9 3 -1
5 9 3 -1
3 5 3 -1
6 8 4 -1
5 6 4 -1
1 4 4 1
6 10 4 1
1 7 4 1
2 10 5 1
4 5 5 -1
7 8 5 1
3 8 5 -1
1 8 5 -1
5 7 6 1
3 8 6 -1
2 4 6 -1
8 9 6 1
6 9 6 1
4 8 7 -1
2 4 7 1
6 10 7 1
2 7 7 1
5 7 7 1
7 8 8 -1
4 7 8 1
3 6 8 1
1 6 8 1
4 6 8 1
7 9 9 1
6 9 9 1
3 5 9 1
2 8 9 -1
1 2 9 -1
8 9 10 1
7 9 10 -1
1 5 10 1
2 9 10 -1
1 4 10 1
4 7 11 1
8 10 11 -1
5 9 11 1
1 7 11 1
2 3 11 1
7 9 12 -1
2 8 12 -1
5 8 12 -1
6 8 12 1
5 10 12 -1
3 5 13 1
3 10 13 1
2 10 13 1
8 10 13 1
2 6 13 1
2 7 14 -1
6 9 14 -1
1 8 14 1
4 8 14 -1
8 9 14 -1
6 10 15 1
2 4 15 1
5 8 15 -1
1 10 15 1
5 9 15 -1
6 10 16 1
5 8 16 -1
2 10 16 1
1 5 16 1
1 3 16 1
6 8 17 -1
2 9 17 1
3 9 17 -1
1 10 17 1
3 4 17 1
2 5 18 1
6 9 18 -1
1 8 18 -1
4 5 18 1
6 8 18 -1
2 9 19 1
5 9 19 1
6 9 19 1
5 6 19 -1
1 9 19 1
2 4 20 1
2 8 20 -1
3 9 20 1
1 9 20 1
4 6 20 -1
3 8 21 1
4 8 21 -1
5 7 21 1
4 10 21 1
6 7 21 1
2 7 22 1
5 9 22 1
3 5 22 1
1 7 22 1
2 8 22 -1
6 9 23 1
3 4 23 1
7 10 23 -1
3 7 23 1
4 10 23 -1
6 10 24 -1
3 5 24 -1
1 7 24 1
2 3 24 1
6 8 24 -1
7 10 25 1
7 8 25 -1
2 4 25 1
3 7 25 1
2 9 25 1
2 6 26 -1
4 5 26 -1
6 7 26 1
5 6 26 -1
9 10 26 1
1 5 27 -1
5 8 27 -1
2 3 27 1
3 5 27 1
1 2 27 -1
3 4 28 1
2 3 28 -1
1 2 28 1
7 10 28 1
4 8 28 -1
5 7 29 -1
1 7 29 -1
7 8 29 -1
1 4 29 1
4 8 29 -1
4 5 30 -1
2 7 30 -1
3 7 30 1
2 4 30 -1
6 10 30 1
5 8 31 -1
3 6 31 1
1 6 31 1
7 8 31 -1
7 10 31 1
8 9 32 1
5 10 32 -1
5 6 32 -1
1 3 32 1
8 10 32 1
7 9 33 1
1 9 33 1
1 7 33 1
4 7 33 -1
8 10 33 1
5 8 34 -1
2 4 34 -1
3 10 34 1
4 8 34 1
2 6 34 1
3 8 35 -1
2 5 35 -1
2 7 35 1
1 4 35 1
1 3 35 1
7 10 36 1
2 6 36 -1
3 7 36 -1
3 8 36 1
2 3 36 1
9 10 37 -1
1 3 37 1
3 5 37 -1
5 9 37 1
3 9 37 -1
2 7 38 1
3 5 38 -1
5 7 38 1
1 10 38 1
2 10 38 1
4 8 39 -1
9 10 39 -1
1 7 39 -1
3 5 39 -1
2 8 39 -1
3 4 40 1
2 10 40 1
4 10 40 1
7 9 40 -1
1 7 40 1
6 9 41 1
2 6 41 -1
4 10 41 1
5 6 41 -1
5 7 41 -1
5 10 42 -1
8 9 42 1
3 6 42 1
4 8 42 -1
1 3 42 -1
3 8 43 -1
4 8 43 -1
2 3 43 1
5 7 43 1
5 6 43 -1
1 8 44 1
3 5 44 1
2 4 44 -1
1 2 44 1
3 9 44 -1
6 7 45 1
4 6 45 -1
2 4 45 -1
1 5 45 -1
5 6 45 -1
5 7 46 1
1 10 46 1
1 6 46 1
8 9 46 1
2 6 46 1
2 5 47 -1
3 8 47 1
3 5 47 -1
5 8 47 1
6 9 47 1
3 8 48 -1
4 7 48 1
2 8 48 -1
5 6 48 1
5 8 48 -1
1 4 49 1
6 7 49 -1
1 8 49 1
2 3 49 -1
5 7 49 -1
1 6 50 1
1 7 50 1
7 9 50 1
3 4 50 1
2 3 50 1
7 8 51 -1
6 10 51 1
6 7 51 1
5 10 51 1
2 8 51 1
7 10 52 -1
8 9 52 1
5 6 52 -1
3 4 52 -1
5 8 52 -1
3 6 53 -1
5 9 53 1
9 10 53 1
2 4 53 1
4 5 53 -1
9 10 54 1
2 9 54 1
1 8 54 -1
2 8 54 -1
6 9 54 1
8 9 55 1
3 6 55 1
4 9 55 -1
5 6 55 1
7 8 55 -1
2 5 56 1
7 9 56 -1
9 10 56 1
5 10 56 1
3 7 56 1
4 9 57 1
3 5 57 -1
2 5 57 1
1 7 57 1
6 8 57 1
1 10 58 -1
3 10 58 -1
1 6 58 -1
1 3 58 -1
5 10 58 -1
5 9 59 -1
1 7 59 -1
2 4 59 -1
5 6 59 -1
3 7 59 1
2 5 60 1
6 9 60 -1
5 6 60 1
2 3 60 -1
6 10 60 1
2 6 61 1
4 10 61 1
3 9 61 1
4 8 61 -1
5 8 61 -1
2 8 62 -1
8 9 62 1
6 7 62 1
5 6 62 -1
3 4 62 -1
1 6 63 1
3 10 63 -1
2 5 63 -1
7 9 63 -1
5 9 63 1
9 10 64 -1
6 9 64 1
3 8 64 -1
5 8 64 -1
4 6 64 -1
6 8 65 -1
6 7 65 1
1 8 65 -1
5 6 65 -1
4 10 65 1
1 6 66 -1
4 7 66 1
3 5 66 -1
1 10 66 1
3 6 66 -1
7 10 67 1
9 10 67 1
1 5 67 -1
5 8 67 1
4 5 67 -1
4 5 68 -1
2 10 68 1
6 10 68 -1
2 7 68 1
1 6 68 1
9 10 69 1
8 10 69 1
5 6 69 1
1 4 69 -1
6 9 69 -1
3 8 70 -1
4 7 70 1
8 9 70 1
2 7 70 1
6 7 70 1
6 9 71 -1
4 10 71 1
4 9 71 -1
3 10 71 1
5 8 71 -1
9 10 72 1
5 9 72 -1
5 6 72 -1
4 5 72 1
2 3 72 -1
2 8 73 1
1 3 73 -1
1 5 73 -1
2 6 73 1
8 9 73 1
1 5 74 1
5 6 74 -1
5 8 74 -1
3 5 74 1
9 10 74 1
5 7 75 1
5 8 75 1
7 9 75 -1
5 9 75 1
6 10 75 1
8 9 76 1
1 7 76 -1
3 9 76 1
3 5 76 1
2 8 76 -1
1 4 77 -1
3 7 77 1
3 5 77 1
1 6 77 1
4 6 77 1
7 10 78 1
4 10 78 1
3 8 78 -1
6 9 78 1
3 4 78 -1
2 10 79 1
6 9 79 1
5 7 79 1
6 8 79 1
4 9 79 1
1 9 80 -1
3 4 80 1
6 10 80 1
5 8 80 -1
3 5 80 -1
1 6 81 1
5 6 81 -1
3 9 81 1
6 9 81 1
3 7 81 -1
3 5 82 -1
2 7 82 -1
9 10 82 -1
1 3 82 -1
2 3 82 -1
3 8 83 -1
6 8 83 1
3 7 83 1
5 8 83 1
4 6 83 -1
4 7 84 -1
1 9 84 -1
3 6 84 -1
2 4 84 1
5 9 84 -1
3 4 85 1
4 5 85 -1
3 6 85 -1
7 10 85 1
5 6 85 1
9 10 86 1
3 8 86 1
6 8 86 -1
2 9 86 1
5 7 86 1
4 6 87 1
7 10 87 1
6 8 87 -1
1 10 87 1
2 5 87 1
1 9 88 1
5 10 88 1
6 7 88 -1
3 6 88 1
3 7 88 1
6 7 89 1
6 10 89 1
1 6 89 -1
1 5 89 -1
1 3 89 -1
1 4 90 -1
4 5 90 1
1 6 90 -1
7 9 90 -1
1 9 90 -1
4 5 91 -1
3 6 91 1
1 9 91 -1
3 8 91 -1
3 5 91 1
7 10 92 1
2 3 92 -1
1 7 92 1
9 10 92 1
6 9 92 1
2 10 93 1
2 6 93 1
3 9 93 1
3 8 93 1
4 9 93 1
7 10 94 1
1 2 94 1
1 5 94 1
3 10 94 1
8 10 94 1
6 9 95 -1
9 10 95 1
3 7 95 1
3 9 95 1
5 10 95 -1
3 5 96 1
4 8 96 -1
1 6 96 -1
2 7 96 1
2 4 96 1
2 9 97 -1
6 10 97 1
3 5 97 1
2 10 97 1
2 6 97 -1
3 9 98 1
2 6 98 1
8 10 98 1
6 10 98 1
5 6 98 1
2 5 99 -1
2 10 99 1
8 10 99 1
1 10 99 1
2 4 99 1
6 7 100 1
4 5 100 -1
4 7 100 1
1 3 100 1
5 7 100 1
