1 5 1 -1
3 7 1 1
4 8 1 -1
2 7 1 1
2 6 1 -1
1 3 2 1
1 2 2 1
3 10 2 1
1 6 2 1
6 7 2 -1
4 7 3 1
1 10 3 1
4 10 3 1
8 9 3 -1
6 9 3 -1
3 9 4 1
3 7 4 1
5 7 4 1
3 8 4 -1
4 10 4 1
4 10 5 1
5 9 5 -1
3 7 5 -1
3 6 5 -1
1 2 5 1
2 5 6 1
7 10 6 -1
5 10 6 1
4 7 6 1
5 9 6 -1
1 10 7 1
2 7 7 1
4 6 7 -1
8 9 7 1
3 10 7 1
2 6 8 1
5 8 8 -1
1 7 8 1
4 9 8 1
2 7 8 1
8 9 9 1
2 8 9 -1
3 10 9 1
1 6 9 -1
8 10 9 1
1 2 10 1
4 10 10 1
1 7 10 1
3 4 10 1
1 9 10 -1
3 8 11 -1
1 3 11 1
5 9 11 1
1 9 11 1
3 4 11 -1
2 5 12 1
4 10 12 -1
1 5 12 1
2 9 12 1
1 9 12 1
3 8 13 1
5 10 13 -1
3 4 13 1
3 9 13 1
1 5 13 1
4 9 14 -1
4 10 14 1
3 4 14 1
3 7 14 1
5 8 14 -1
4 7 15 -1
4 8 15 -1
6 7 15 -1
2 5 15 1
6 9 15 -1
8 9 16 -1
3 5 16 1
3 10 16 1
1 4 16 1
2 4 16 -1
5 10 17 1
7 8 17 -1
4 7 17 1
5 9 17 1
2 10 17 1
8 10 18 1
7 8 18 -1
6 9 18 -1
1 9 18 -1
2 8 18 -1
4 9 19 1
2 10 19 1
1 5 19 -1
4 8 19 -1
4 10 19 1
8 10 20 1
2 3 20 -1
3 4 20 1
4 10 20 1
7 10 20 1
2 3 21 1
3 5 21 1
7 9 21 -1
5 7 21 1
1 5 21 1
7 10 22 1
1 8 22 -1
2 10 22 1
7 8 22 -1
5 7 22 1
3 5 23 1
8 9 23 1
1 4 23 1
7 8 23 -1
4 6 23 -1
3 5 24 -1
4 6 24 1
3 4 24 -1
5 9 24 1
5 6 24 1
2 9 25 1
2 8 25 1
1 4 25 -1
2 6 25 -1
6 8 25 1
5 6 26 -1
2 3 26 -1
8 10 26 1
3 6 26 1
1 3 26 -1
1 3 27 -1
1 7 27 -1
8 10 27 1
3 6 27 1
6 9 27 -1
7 9 28 -1
2 3 28 -1
8 10 28 1
5 10 28 1
4 10 28 1
5 10 29 1
6 7 29 -1
3 4 29 1
4 8 29 -1
7 9 29 1
8 10 30 1
4 9 30 -1
3 10 30 1
4 8 30 1
2 10 30 1
1 9 31 -1
9 10 31 1
6 10 31 -1
1 10 31 1
2 5 31 1
7 9 32 -1
1 8 32 1
6 10 32 -1
3 4 32 1
8 10 32 1
4 7 33 -1
1 8 33 -1
1 5 33 -1
2 4 33 -1
3 8 33 -1
5 10 34 -1
5 7 34 -1
5 6 34 -1
6 9 34 -1
9 10 34 1
1 7 35 1
1 6 35 -1
5 10 35 1
3 9 35 1
1 9 35 1
4 10 36 1
6 8 36 1
4 9 36 1
2 9 36 1
1 2 36 -1
5 6 37 1
6 9 37 -1
3 5 37 -1
3 4 37 -1
4 10 37 1
3 10 38 1
1 3 38 -1
5 9 38 1
4 8 38 -1
4 7 38 1
2 10 39 1
1 4 39 1
9 10 39 -1
2 8 39 -1
1 8 39 -1
7 8 40 -1
7 9 40 -1
4 6 40 -1
6 8 40 -1
2 8 40 -1
5 8 41 -1
4 7 41 1
7 8 41 1
3 5 41 1
2 7 41 -1
5 6 42 -1
2 5 42 1
4 10 42 1
2 6 42 1
2 10 42 1
2 9 43 1
1 9 43 -1
1 5 43 -1
3 10 43 1
8 9 43 1
3 7 44 1
1 8 44 1
1 5 44 1
2 8 44 1
8 10 44 1
4 10 45 1
6 9 45 1
8 10 45 1
2 8 45 -1
3 9 45 1
3 6 46 1
1 5 46 1
8 9 46 1
5 10 46 -1
7 9 46 -1
2 5 47 -1
4 7 47 1
5 8 47 1
2 3 47 -1
6 10 47 1
5 8 48 -1
2 7 48 1
5 6 48 1
2 9 48 -1
1 5 48 -1
1 10 49 1
6 8 49 -1
4 10 49 1
2 10 49 -1
1 8 49 1
8 10 50 1
7 9 50 1
3 6 50 1
9 10 50 1
3 8 50 1
7 9 51 -1
2 8 51 1
5 9 51 1
1 7 51 1
9 10 51 1
1 9 52 1
1 4 52 1
3 6 52 -1
4 10 52 1
1 8 52 -1
4 8 53 -1
3 4 53 1
5 10 53 1
7 9 53 1
2 3 53 1
7 10 54 1
3 7 54 1
2 7 54 1
1 2 54 -1
4 10 54 1
9 10 55 1
3 5 55 1
1 5 55 -1
4 10 55 -1
7 8 55 -1
4 5 56 -1
2 3 56 1
1 8 56 -1
6 8 56 -1
2 5 56 1
1 10 57 1
6 7 57 1
2 3 57 1
4 8 57 -1
4 6 57 -1
2 8 58 1
3 7 58 -1
7 10 58 -1
3 6 58 -1
4 9 58 -1
1 4 59 -1
7 8 59 -1
4 6 59 1
5 8 59 -1
6 10 59 1
3 4 60 1
1 5 60 -1
6 8 60 -1
1 4 60 1
2 4 60 1
1 3 61 -1
2 4 61 1
5 9 61 -1
2 3 61 1
4 9 61 1
5 8 62 -1
5 6 62 -1
4 5 62 -1
1 6 62 -1
6 9 62 1
5 8 63 1
7 9 63 -1
4 7 63 1
4 9 63 1
7 10 63 -1
4 9 64 1
1 5 64 1
9 10 64 -1
5 9 64 -1
7 8 64 1
4 7 65 -1
8 10 65 1
3 6 65 -1
2 8 65 -1
1 6 65 -1
5 9 66 1
5 10 66 1
3 9 66 1
1 4 66 1
4 5 66 -1
4 9 67 -1
1 9 67 1
7 8 67 -1
2 9 67 -1
2 10 67 1
7 8 68 -1
1 5 68 -1
6 10 68 -1
1 8 68 -1
4 7 68 -1
2 10 69 1
3 8 69 -1
4 7 69 1
2 6 69 1
1 10 69 1
2 7 70 1
6 9 70 1
1 10 70 1
3 4 70 -1
9 10 70 1
4 5 71 1
6 10 71 -1
7 10 71 1
1 8 71 -1
5 8 71 -1
4 7 72 1
7 10 72 -1
8 9 72 1
3 4 72 -1
6 10 72 1
2 4 73 1
1 8 73 -1
2 8 73 1
8 10 73 1
4 6 73 -1
2 8 74 -1
2 6 74 1
1 6 74 1
4 8 74 -1
4 6 74 1
2 3 75 -1
3 9 75 1
3 8 75 -1
2 4 75 1
5 10 75 1
3 10 76 1
1 5 76 1
4 9 76 -1
3 5 76 1
1 3 76 -1
9 10 77 1
3 8 77 -1
7 9 77 -1
4 6 77 1
3 9 77 1
2 8 78 1
8 10 78 1
5 7 78 1
7 9 78 1
8 9 78 1
3 6 79 -1
7 10 79 1
5 10 79 1
4 10 79 1
6 8 79 1
6 7 80 1
3 8 80 -1
4 6 80 -1
4 10 80 1
1 9 80 -1
8 10 81 1
2 5 81 1
7 8 81 1
5 8 81 -1
5 10 81 1
7 8 82 -1
2 9 82 -1
5 8 82 1
5 10 82 1
1 8 82 -1
1 8 83 -1
6 9 83 1
4 8 83 -1
1 6 83 -1
6 8 83 1
9 10 84 1
2 5 84 1
6 7 84 -1
6 9 84 -1
5 8 84 -1
9 10 85 1
3 4 85 1
3 10 85 1
3 8 85 -1
1 3 85 -1
4 8 86 -1
1 4 86 1
4 9 86 1
1 10 86 1
8 9 86 1
1 9 87 1
2 7 87 1
3 8 87 1
4 9 87 1
7 9 87 1
7 10 88 1
1 5 88 1
4 9 88 1
4 6 88 -1
4 8 88 -1
3 8 89 -1
3 6 89 1
4 8 89 -1
4 6 89 1
5 7 89 1
5 7 90 1
1 2 90 1
2 3 90 -1
3 4 90 -1
5 9 90 -1
1 3 91 -1
3 7 91 1
5 6 91 -1
2 5 91 -1
5 10 91 1
2 6 92 -1
4 6 92 -1
8 10 92 1
4 10 92 1
1 2 92 1
7 9 93 1
1 9 93 1
4 5 93 1
6 10 93 1
2 6 93 1
5 8 94 -1
3 9 94 -1
7 9 94 1
3 7 94 -1
4 9 94 1
5 6 95 -1
3 5 95 1
2 4 95 -1
1 6 95 1
3 4 95 1
1 7 96 -1
1 10 96 1
5 7 96 -1
2 8 96 1
4 8 96 -1
1 10 97 1
4 10 97 1
4 8 97 -1
2 7 97 1
4 9 97 1
2 6 98 1
4 9 98 1
3 9 98 1
2 3 98 -1
3 4 98 1
1 3 99 1
1 4 99 1
2 8 99 1
2 4 99 1
3 10 99 1
3 4 100 1
4 8 100 -1
4 7 100 1
2 8 100 -1
2 9 100 1
