4 10 1 1
3 6 1 -1
4 6 1 -1
3 7 1 1
2 4 1 1
2 8 2 1
4 9 2 -1
3 7 2 1
3 10 2 1
4 6 2 1
5 6 3 1
7 9 3 1
6 10 3 1
3 8 3 1
4 8 3 1
7 10 4 1
5 8 4 -1
4 5 4 -1
2 10 4 1
4 10 4 1
3 7 5 -1
1 4 5 1
1 7 5 -1
5 7 5 -1
2 5 5 1
4 9 6 1
4 8 6 1
7 8 6 -1
2 3 6 1
1 10 6 1
6 10 7 1
5 6 7 1
4 7 7 1
9 10 7 1
6 8 7 -1
2 8 8 -1
4 6 8 1
7 10 8 -1
1 8 8 1
5 10 8 -1
2 10 9 1
2 8 9 -1
1 6 9 -1
4 9 9 1
7 10 9 1
1 7 10 1
1 3 10 -1
4 7 10 1
4 10 10 1
2 6 10 -1
5 9 11 1
6 9 11 1
3 4 11 -1
3 5 11 -1
7 10 11 -1
3 6 12 -1
5 8 12 -1
8 9 12 1
2 9 12 1
2 10 12 1
2 6 13 1
3 6 13 1
4 5 13 1
2 9 13 1
3 8 13 1
4 10 14 1
2 3 14 -1
7 9 14 -1
2 8 14 -1
2 6 14 -1
3 10 15 1
5 9 15 -1
1 6 15 1
1 2 15 -1
5 7 15 -1
3 5 16 1
4 7 16 1
1 7 16 1
3 8 16 1
3 7 16 1
4 5 17 -1
4 9 17 -1
2 6 17 1
3 5 17 -1
5 7 17 1
1 10 18 1
8 9 18 1
6 10 18 1
5 8 18 -1
1 7 18 -1
2 3 19 -1
5 8 19 -1
8 9 19 1
7 8 19 -1
4 5 19 -1
1 9 20 1
2 10 20 1
5 8 20 -1
8 9 20 1
5 6 20 -1
4 6 21 -1
3 8 21 1
2 9 21 1
3 10 21 1
4 10 21 1
1 2 22 1
9 10 22 1
6 10 22 1
7 8 22 -1
1 6 22 -1
4 10 23 -1
3 8 23 -1
5 7 23 -1
3 5 23 1
4 7 23 -1
7 10 24 1
1 7 24 1
2 5 24 -1
2 4 24 -1
1 9 24 1
5 10 25 -1
3 9 25 1
2 10 25 1
3 5 25 1
4 5 25 1
4 8 26 -1
1 6 26 1
2 8 26 -1
3 6 26 1
2 5 26 -1
5 8 27 -1
3 5 27 1
1 7 27 -1
8 10 27 1
7 10 27 1
1 9 28 1
7 10 28 1
1 2 28 1
5 10 28 1
7 8 28 -1
4 8 29 -1
2 9 29 1
3 7 29 -1
4 6 29 1
5 8 29 -1
6 9 30 -1
6 8 30 1
2 4 30 -1
3 5 30 1
3 7 30 1
2 9 31 -1
9 10 31 1
5 6 31 -1
3 10 31 1
7 8 31 -1
3 8 32 -1
4 8 32 -1
9 10 32 1
1 10 32 1
1 2 32 1
3 9 33 1
1 4 33 1
3 5 33 1
6 7 33 1
3 8 33 -1
6 10 34 -1
3 7 34 1
7 9 34 -1
4 6 34 1
3 6 34 1
2 8 35 -1
2 5 35 -1
1 5 35 -1
3 6 35 -1
6 7 35 1
2 8 36 1
7 8 36 1
8 9 36 -1
2 6 36 -1
2 3 36 1
4 7 37 1
6 7 37 -1
1 5 37 1
1 2 37 1
3 9 37 -1
2 4 38 -1
4 8 38 -1
3 8 38 -1
1 8 38 -1
9 10 38 1
4 7 39 -1
2 3 39 1
7 8 39 -1
2 7 39 1
8 9 39 1
3 6 40 -1
3 4 40 1
1 6 40 1
2 6 40 -1
5 10 40 1
4 6 41 1
5 6 41 -1
1 5 41 1
6 9 41 1
3 7 41 1
1 3 42 -1
5 7 42 -1
1 9 42 1
3 4 42 1
1 5 42 1
8 9 43 1
5 9 43 1
4 7 43 1
7 10 43 1
2 3 43 1
5 7 44 1
9 10 44 1
4 10 44 1
3 7 44 1
2 8 44 1
1 9 45 1
4 10 45 1
3 7 45 1
5 7 45 1
3 10 45 1
3 4 46 -1
1 10 46 1
3 10 46 1
3 8 46 -1
2 8 46 -1
8 9 47 1
5 8 47 1
5 6 47 1
2 8 47 1
3 5 47 -1
2 6 48 1
1 8 48 -1
8 9 48 1
4 8 48 -1
2 3 48 -1
5 6 49 1
3 9 49 -1
2 5 49 -1
8 10 49 1
2 9 49 -1
1 10 50 1
2 9 50 1
2 4 50 1
5 8 50 -1
5 6 50 -1
5 7 51 1
3 4 51 -1
2 10 51 1
1 3 51 1
9 10 51 1
6 7 52 1
5 6 52 -1
3 10 52 1
2 5 52 -1
8 10 52 1
3 8 53 -1
3 9 53 1
1 5 53 -1
1 10 53 1
1 4 53 1
5 9 54 -1
2 4 54 1
6 7 54 1
1 5 54 -1
2 5 54 1
6 7 55 -1
8 9 55 1
1 4 55 1
2 5 55 -1
2 6 55 1
4 7 56 1
6 7 56 1
2 10 56 1
6 9 56 1
2 7 56 1
3 8 57 1
1 9 57 1
6 8 57 1
2 7 57 1
2 3 57 1
5 8 58 -1
2 4 58 -1
1 2 58 -1
1 3 58 -1
8 9 58 -1
1 7 59 -1
2 7 59 -1
7 10 59 1
6 7 59 -1
3 9 59 1
2 9 60 -1
1 9 60 -1
2 5 60 1
2 3 60 -1
3 8 60 -1
4 10 61 1
6 9 61 -1
1 8 61 -1
5 9 61 -1
5 8 61 -1
3 9 62 -1
3 10 62 -1
9 10 62 1
5 9 62 1
6 10 62 1
4 5 63 -1
4 10 63 1
5 8 63 1
1 2 63 -1
1 3 63 -1
3 10 64 -1
8 9 64 1
6 7 64 1
2 6 64 -1
4 9 64 1
2 5 65 1
1 9 65 -1
5 7 65 -1
4 10 65 1
1 10 65 1
4 8 66 -1
4 7 66 1
2 3 66 -1
7 8 66 -1
1 7 66 1
9 10 67 1
2 7 67 -1
2 8 67 -1
1 10 67 1
4 7 67 -1
2 9 68 1
2 3 68 1
1 5 68 -1
2 6 68 1
7 9 68 -1
2 4 69 1
3 7 69 1
6 8 69 -1
4 8 69 -1
4 9 69 1
4 8 70 -1
1 7 70 1
1 3 70 1
5 8 70 -1
2 6 70 1
2 10 71 -1
1 5 71 1
1 2 71 1
2 7 71 -1
1 3 71 -1
3 8 72 -1
2 6 72 -1
4 6 72 -1
8 10 72 1
7 8 72 -1
1 2 73 -1
1 4 73 1
4 7 73 -1
1 3 73 -1
1 8 73 -1
4 9 74 -1
2 4 74 -1
2 10 74 -1
7 9 74 -1
3 8 74 -1
1 8 75 -1
4 7 75 1
3 8 75 -1
7 9 75 -1
3 5 75 -1
3 7 76 1
9 10 76 1
1 2 76 -1
2 10 76 1
8 9 76 1
3 9 77 1
1 2 77 -1
4 7 77 1
1 7 77 -1
7 9 77 -1
6 7 78 -1
1 8 78 1
2 6 78 1
1 4 78 1
6 10 78 1
7 10 79 1
5 9 79 1
2 10 79 1
6 7 79 1
5 6 79 1
3 7 80 1
1 10 80 1
5 9 80 -1
7 9 80 -1
2 8 80 -1
3 10 81 1
3 7 81 -1
3 9 81 1
2 10 81 1
5 8 81 -1
1 8 82 -1
8 9 82 1
1 10 82 1
2 10 82 -1
2 6 82 -1
1 5 83 -1
2 10 83 1
9 10 83 1
7 8 83 -1
4 6 83 -1
3 6 84 -1
2 6 84 -1
2 3 84 1
6 8 84 -1
3 9 84 -1
8 10 85 1
1 7 85 1
5 10 85 1
3 5 85 -1
4 10 85 -1
5 6 86 1
2 3 86 1
2 4 86 1
3 6 86 1
9 10 86 1
4 7 87 1
3 4 87 -1
1 7 87 1
5 10 87 -1
3 9 87 1
3 5 88 1
5 6 88 1
1 6 88 1
4 7 88 -1
3 10 88 1
3 8 89 -1
5 6 89 1
3 10 89 1
5 10 89 1
8 9 89 1
5 6 90 -1
2 6 90 -1
2 9 90 -1
4 6 90 -1
1 3 90 -1
4 6 91 -1
8 10 91 1
7 10 91 1
1 5 91 1
4 5 91 -1
3 8 92 -1
7 10 92 1
4 7 92 1
1 10 92 1
5 6 92 -1
2 6 93 1
2 9 93 1
4 7 93 1
1 8 93 -1
6 9 93 1
3 10 94 1
5 7 94 -1
4 9 94 1
7 9 94 1
2 8 94 1
4 6 95 1
5 9 95 -1
2 6 95 1
1 2 95 1
3 7 95 1
7 8 96 1
3 4 96 1
7 9 96 1
2 4 96 1
4 6 96 -1
2 5 97 1
5 8 97 -1
6 10 97 1
1 2 97 1
3 10 97 1
3 4 98 1
3 9 98 1
1 4 98 -1
5 9 98 -1
4 6 98 1
4 8 99 -1
2 6 99 1
1 9 99 1
5 7 99 1
3 5 99 -1
2 10 100 1
5 9 100 1
5 10 100 1
6 10 100 1
1 6 100 1
