5 8 1 -1
3 6 1 -1
6 9 1 1
1 6 1 -1
1 2 1 1
6 8 2 -1
3 7 2 1
6 7 2 -1
4 6 2 1
7 10 2 -1
1 7 3 1
8 9 3 -1
1 5 3 1
6 8 3 1
2 9 3 1
1 6 4 1
3 7 4 1
3 10 4 1
1 9 4 1
4 6 4 -1
1 7 5 -1
1 3 5 -1
8 9 5 1
3 10 5 1
2 5 5 1
4 8 6 1
1 7 6 1
2 3 6 1
7 9 6 -1
1 10 6 1
4 10 7 1
4 9 7 -1
1 6 7 -1
1 10 7 1
2 5 7 -1
3 6 8 1
2 6 8 1
7 10 8 -1
3 8 8 -1
7 9 8 -1
5 10 9 -1
5 8 9 -1
1 7 9 -1
2 10 9 1
3 4 9 -1
6 9 10 1
5 7 10 1
1 2 10 1
7 8 10 -1
4 7 10 1
5 8 11 -1
1 8 11 -1
1 10 11 -1
6 9 11 1
5 6 11 -1
7 9 12 -1
4 9 12 -1
1 10 12 1
6 10 12 1
4 6 12 -1
4 8 13 -1
1 5 13 1
2 5 13 1
6 8 13 -1
4 6 13 1
5 6 14 -1
1 6 14 -1
4 5 14 1
1 3 14 1
3 10 14 1
5 9 15 -1
4 8 15 -1
9 10 15 1
6 10 15 1
4 10 15 1
7 9 16 -1
2 8 16 -1
1 6 16 1
4 9 16 1
3 4 16 -1
5 9 17 1
8 10 17 1
2 5 17 -1
1 2 17 1
4 8 17 -1
2 10 18 1
5 10 18 1
4 7 18 -1
2 8 18 -1
2 4 18 1
3 6 19 -1
6 8 19 -1
1 7 19 1
8 9 19 1
4 7 19 1
4 7 20 -1
1 9 20 1
1 6 20 -1
4 6 20 -1
1 3 20 -1
4 6 21 -1
2 3 21 1
6 9 21 -1
1 7 21 1
3 6 21 1
2 8 22 -1
7 9 22 -1
6 7 22 1
3 9 22 1
6 9 22 1
7 9 23 -1
1 9 23 -1
7 10 23 -1
5 7 23 -1
4 7 23 -1
5 6 24 1
1 3 24 1
2 9 24 1
1 7 24 1
5 10 24 1
3 5 25 1
1 5 25 1
2 4 25 1
4 7 25 -1
2 7 25 1
8 9 26 1
7 10 26 1
9 10 26 1
5 10 26 1
1 6 26 1
4 10 27 1
6 9 27 -1
7 10 27 1
1 5 27 -1
2 3 27 1
3 4 28 1
1 2 28 1
2 8 28 -1
5 10 28 1
2 9 28 1
3 7 29 -1
3 6 29 1
1 5 29 1
7 9 29 1
6 9 29 1
2 4 30 -1
6 9 30 -1
1 9 30 -1
1 6 30 1
4 6 30 -1
3 7 31 1
5 6 31 -1
6 8 31 -1
1 2 31 1
5 9 31 -1
3 5 32 1
6 8 32 -1
4 6 32 -1
4 5 32 1
1 6 32 1
1 8 33 -1
3 8 33 -1
6 9 33 1
3 5 33 1
5 6 33 -1
8 9 34 1
2 4 34 -1
3 6 34 1
4 9 34 1
4 10 34 1
9 10 35 1
5 8 35 1
1 9 35 1
1 7 35 1
4 9 35 -1
8 9 36 -1
6 7 36 1
4 5 36 1
2 10 36 1
2 8 36 1
4 10 37 1
9 10 37 -1
4 5 37 -1
2 5 37 -1
4 8 37 1
1 4 38 1
7 9 38 -1
5 6 38 1
2 8 38 -1
4 9 38 1
4 5 39 -1
1 3 39 -1
2 6 39 1
3 5 39 -1
7 10 39 -1
2 7 40 1
2 3 40 -1
4 5 40 -1
3 4 40 1
4 6 40 -1
2 9 41 -1
2 10 41 -1
5 7 41 -1
2 3 41 -1
6 9 41 1
2 4 42 1
2 10 42 1
7 8 42 -1
6 7 42 -1
4 8 42 -1
4 6 43 -1
8 9 43 1
7 10 43 1
6 8 43 -1
5 8 43 -1
1 3 44 1
1 6 44 1
3 6 44 1
7 9 44 -1
6 10 44 -1
3 8 45 -1
1 10 45 1
6 9 45 1
3 10 45 1
1 4 45 1
1 6 46 1
2 7 46 1
3 5 46 1
6 10 46 -1
6 9 46 -1
6 9 47 1
2 4 47 1
1 7 47 1
2 8 47 1
4 6 47 -1
5 7 48 1
7 9 48 -1
1 5 48 -1
4 10 48 1
1 7 48 1
5 7 49 -1
7 9 49 1
3 4 49 -1
3 5 49 1
8 10 49 1
7 9 50 1
3 7 50 1
5 6 50 -1
5 9 50 -1
4 7 50 -1
6 10 51 1
6 7 51 1
3 10 51 -1
6 8 51 -1
8 10 51 1
1 4 52 1
7 10 52 -1
4 5 52 -1
1 6 52 -1
4 10 52 1
5 10 53 1
6 7 53 1
2 4 53 1
5 8 53 1
5 6 53 -1
1 9 54 -1
2 10 54 1
2 3 54 -1
1 7 54 -1
4 5 54 1
2 3 55 -1
6 8 55 -1
8 9 55 1
3 9 55 1
4 8 55 -1
2 8 56 -1
4 9 56 1
7 10 56 1
5 10 56 1
8 10 56 1
1 7 57 1
2 5 57 1
1 2 57 1
4 5 57 -1
1 10 57 1
3 5 58 1
2 9 58 -1
2 8 58 1
1 6 58 -1
3 9 58 -1
1 8 59 -1
9 10 59 1
1 6 59 -1
6 10 59 1
2 6 59 -1
3 6 60 1
5 6 60 1
3 4 60 1
4 8 60 -1
4 7 60 1
6 9 61 -1
2 3 61 1
7 9 61 1
4 6 61 1
1 9 61 -1
5 9 62 1
3 7 62 -1
6 8 62 -1
1 2 62 -1
2 7 62 1
1 6 63 1
2 10 63 1
4 8 63 1
4 10 63 1
7 8 63 -1
2 6 64 -1
3 8 64 -1
7 10 64 1
1 2 64 1
1 9 64 1
6 10 65 1
4 8 65 -1
5 6 65 -1
6 9 65 1
4 5 65 1
3 6 66 -1
3 7 66 1
6 8 66 1
1 5 66 -1
1 9 66 1
3 9 67 -1
8 10 67 1
6 7 67 -1
8 9 67 1
1 4 67 1
2 6 68 1
6 7 68 -1
3 10 68 1
9 10 68 1
2 8 68 -1
3 8 69 -1
3 4 69 -1
3 9 69 1
2 4 69 1
3 10 69 1
6 9 70 1
5 6 70 1
1 3 70 1
2 4 70 -1
2 8 70 -1
4 8 71 -1
1 8 71 -1
4 9 71 -1
5 9 71 -1
1 4 71 1
5 8 72 -1
1 8 72 1
5 10 72 -1
7 9 72 -1
3 10 72 1
3 9 73 1
2 5 73 1
6 7 73 -1
1 5 73 -1
9 10 73 1
2 6 74 1
4 5 74 1
6 10 74 -1
3 4 74 1
1 8 74 1
3 7 75 1
2 5 75 -1
4 6 75 -1
2 4 75 1
1 9 75 -1
7 9 76 1
6 7 76 1
6 10 76 1
2 3 76 -1
3 8 76 -1
7 8 77 -1
5 7 77 -1
6 7 77 -1
3 9 77 1
7 9 77 -1
4 6 78 -1
5 8 78 1
1 3 78 1
2 10 78 1
9 10 78 1
2 3 79 1
7 8 79 -1
5 6 79 1
3 4 79 -1
9 10 79 1
4 6 80 -1
2 4 80 -1
8 9 80 1
3 8 80 -1
2 7 80 1
7 9 81 1
1 6 81 1
7 10 81 1
8 10 81 1
5 7 81 -1
6 10 82 1
2 3 82 -1
2 7 82 -1
6 8 82 1
2 4 82 -1
4 7 83 1
5 9 83 1
7 9 83 -1
1 5 83 -1
3 9 83 1
6 8 84 -1
3 10 84 1
1 3 84 -1
4 9 84 -1
9 10 84 1
7 10 85 1
1 8 85 -1
1 3 85 -1
3 4 85 1
3 6 85 -1
6 10 86 -1
2 8 86 1
5 6 86 1
5 7 86 1
3 8 86 1
6 9 87 -1
1 2 87 -1
4 5 87 1
1 9 87 1
4 7 87 1
4 5 88 -1
7 8 88 -1
2 3 88 -1
2 4 88 1
3 7 88 1
4 9 89 1
4 5 89 -1
2 4 89 -1
4 10 89 1
2 10 89 -1
1 5 90 -1
7 10 90 -1
2 6 90 -1
8 10 90 1
3 5 90 1
1 3 91 -1
9 10 91 1
2 7 91 1
2 6 91 -1
1 9 91 -1
3 4 92 1
3 7 92 1
5 10 92 1
7 8 92 -1
3 10 92 1
1 7 93 1
3 6 93 1
6 7 93 1
4 9 93 1
3 7 93 1
6 9 94 -1
8 9 94 -1
3 9 94 -1
6 10 94 1
1 8 94 1
2 3 95 -1
2 4 95 -1
2 8 95 -1
2 9 95 -1
2 7 95 -1
8 10 96 1
4 10 96 1
4 5 96 1
1 8 96 -1
5 9 96 -1
3 10 97 1
2 10 97 1
1 7 97 1
4 8 97 -1
5 9 97 -1
5 10 98 1
4 5 98 1
1 8 98 -1
5 7 98 1
1 4 98 -1
3 9 99 -1
1 4 99 1
6 9 99 1
3 5 99 -1
5 7 99 1
8 9 100 1
4 9 100 -1
2 8 100 -1
5 9 100 1
4 10 100 1
