3 6 1 -1
2 5 1 -1
7 10 1 1
2 10 1 1
1 4 1 1
3 6 2 1
2 8 2 1
2 9 2 1
4 7 2 1
4 6 2 1
1 6 3 1
5 10 3 1
2 3 3 1
2 9 3 1
4 10 3 1
5 6 4 -1
1 5 4 1
9 10 4 1
3 4 4 1
6 10 4 1
4 7 5 -1
7 8 5 1
8 9 5 1
3 9 5 1
2 8 5 -1
5 10 6 1
2 10 6 1
8 9 6 1
1 5 6 1
2 4 6 -1
7 8 7 -1
1 7 7 1
2 4 7 1
1 4 7 1
1 3 7 1
1 8 8 1
6 9 8 -1
2 8 8 -1
1 10 8 1
2 10 8 1
4 8 9 1
2 4 9 -1
1 7 9 -1
6 7 9 1
8 9 9 1
1 10 10 1
2 10 10 1
5 6 10 -1
2 8 10 -1
7 9 10 -1
1 3 11 1
7 9 11 -1
6 10 11 1
3 10 11 -1
4 9 11 1
3 9 12 1
6 9 12 1
6 7 12 1
3 5 12 1
7 9 12 -1
7 9 13 -1
1 4 13 1
5 8 13 -1
1 10 13 1
6 8 13 -1
3 6 14 -1
3 5 14 1
1 2 14 1
6 10 14 1
4 10 14 1
5 6 15 1
2 5 15 1
5 9 15 -1
2 8 15 1
9 10 15 1
4 8 16 1
4 6 16 1
4 7 16 1
1 6 16 1
6 8 16 -1
3 4 17 1
2 10 17 1
4 7 17 1
8 9 17 -1
3 8 17 1
4 5 18 1
6 9 18 -1
4 7 18 -1
2 5 18 1
7 10 18 1
1 2 19 1
4 10 19 1
3 5 19 -1
1 10 19 1
7 9 19 -1
1 3 20 -1
5 9 20 -1
4 6 20 -1
2 5 20 1
8 9 20 1
2 10 21 1
5 8 21 1
7 8 21 -1
8 10 21 1
1 9 21 1
2 6 22 -1
5 10 22 1
1 2 22 1
5 7 22 1
7 10 22 1
4 7 23 -1
6 9 23 1
2 10 23 -1
2 8 23 -1
1 10 23 -1
1 2 24 -1
4 9 24 1
6 8 24 -1
2 8 24 1
4 8 24 1
5 7 25 -1
2 7 25 1
2 8 25 1
3 7 25 1
1 4 25 -1
7 10 26 1
3 8 26 -1
6 9 26 1
3 9 26 1
4 6 26 -1
9 10 27 1
6 10 27 1
2 5 27 1
3 10 27 1
1 10 27 -1
1 8 28 -1
9 10 28 1
3 6 28 1
2 8 28 -1
5 8 28 -1
2 4 29 -1
2 7 29 -1
3 4 29 1
3 6 29 1
1 4 29 1
1 7 30 1
2 6 30 -1
4 7 30 -1
4 8 30 1
2 10 30 1
4 7 31 1
2 9 31 -1
2 4 31 -1
1 5 31 1
1 6 31 1
6 9 32 -1
4 7 32 -1
3 8 32 -1
6 10 32 -1
5 8 32 -1
2 6 33 -1
6 8 33 -1
2 5 33 -1
3 7 33 1
5 10 33 1
3 9 34 1
8 10 34 1
5 7 34 -1
6 9 34 -1
1 2 34 1
7 9 35 -1
1 7 35 1
7 10 35 1
8 10 35 1
1 5 35 -1
1 2 36 -1
1 6 36 -1
1 5 36 1
5 10 36 -1
2 9 36 1
2 7 37 -1
1 9 37 1
2 6 37 -1
8 9 37 -1
1 2 37 1
3 8 38 -1
6 9 38 1
3 4 38 1
2 7 38 1
3 9 38 1
1 10 39 -1
5 7 39 1
1 3 39 -1
6 10 39 1
4 9 39 1
1 5 40 1
1 8 40 -1
8 10 40 1
4 10 40 1
3 8 40 -1
9 10 41 -1
3 4 41 -1
1 9 41 1
3 5 41 1
7 10 41 -1
4 6 42 1
1 2 42 1
4 9 42 1
6 8 42 -1
4 7 42 1
7 8 43 -1
1 8 43 -1
8 10 43 1
2 9 43 1
5 10 43 1
3 4 44 -1
6 9 44 -1
2 8 44 1
1 2 44 1
2 3 44 1
6 7 45 1
2 7 45 -1
7 9 45 1
4 9 45 1
5 9 45 1
5 7 46 1
4 8 46 -1
3 7 46 1
1 7 46 1
3 9 46 1
5 10 47 1
1 9 47 1
7 8 47 -1
5 6 47 1
5 7 47 1
5 6 48 1
1 9 48 -1
7 9 48 -1
8 10 48 1
7 8 48 -1
1 5 49 1
3 7 49 -1
7 10 49 1
2 9 49 -1
3 5 49 1
7 9 50 1
5 7 50 -1
7 8 50 -1
3 9 50 1
4 6 50 1
1 3 51 1
3 10 51 -1
4 5 51 -1
4 7 51 1
3 9 51 -1
3 10 52 1
2 9 52 -1
1 5 52 -1
3 8 52 -1
3 5 52 -1
6 10 53 1
9 10 53 1
4 5 53 -1
2 5 53 1
1 9 53 1
1 8 54 -1
2 6 54 -1
9 10 54 1
3 9 54 1
1 2 54 -1
3 9 55 1
3 10 55 1
1 4 55 1
4 7 55 -1
3 7 55 1
4 10 56 1
1 3 56 1
5 9 56 1
2 8 56 -1
7 8 56 -1
2 10 57 1
7 8 57 -1
1 4 57 1
2 4 57 1
2 7 57 1
1 7 58 -1
5 7 58 -1
1 2 58 -1
6 8 58 1
6 10 58 1
9 10 59 1
6 9 59 -1
2 8 59 -1
2 5 59 -1
2 10 59 1
5 9 60 -1
4 9 60 -1
5 6 60 1
5 7 60 1
2 9 60 -1
4 8 61 -1
4 7 61 -1
4 6 61 1
6 8 61 -1
7 9 61 1
6 7 62 1
5 9 62 1
4 10 62 -1
7 9 62 -1
6 10 62 1
5 9 63 1
9 10 63 -1
5 6 63 1
3 7 63 1
2 4 63 1
9 10 64 -1
5 10 64 -1
3 8 64 -1
4 6 64 -1
6 10 64 1
4 7 65 -1
3 8 65 -1
1 4 65 -1
9 10 65 1
4 6 65 -1
1 3 66 1
6 10 66 1
7 8 66 -1
2 10 66 1
4 9 66 -1
1 9 67 1
5 10 67 1
1 8 67 1
2 5 67 -1
7 9 67 -1
5 9 68 1
3 10 68 1
8 10 68 1
3 4 68 1
4 9 68 -1
3 10 69 1
1 8 69 -1
2 8 69 1
2 7 69 1
1 4 69 -1
8 9 70 1
5 10 70 1
7 10 70 1
2 7 70 1
1 9 70 1
4 7 71 1
6 8 71 -1
2 4 71 -1
1 3 71 -1
2 5 71 1
5 7 72 -1
4 8 72 -1
3 4 72 -1
4 10 72 1
3 8 72 -1
2 9 73 1
5 6 73 1
4 8 73 -1
3 6 73 1
3 8 73 1
7 8 74 -1
1 10 74 1
2 4 74 -1
5 8 74 -1
2 7 74 -1
1 10 75 1
1 5 75 -1
2 7 75 1
3 4 75 1
1 9 75 -1
4 6 76 -1
1 10 76 -1
6 9 76 1
3 9 76 1
8 10 76 1
3 4 77 1
2 10 77 1
4 9 77 -1
8 10 77 1
4 10 77 1
2 7 78 1
9 10 78 1
6 8 78 1
1 5 78 -1
6 10 78 1
4 6 79 1
2 10 79 1
2 3 79 1
8 10 79 1
7 10 79 1
3 5 80 -1
7 9 80 -1
2 4 80 -1
2 8 80 -1
4 6 80 -1
4 9 81 1
5 9 81 1
1 9 81 1
2 3 81 1
6 7 81 -1
5 8 82 1
1 9 82 1
2 9 82 -1
3 8 82 -1
2 8 82 -1
1 8 83 -1
2 6 83 -1
1 5 83 -1
2 3 83 -1
9 10 83 1
1 8 84 -1
6 8 84 -1
7 10 84 1
8 9 84 1
3 10 84 1
1 5 85 -1
1 2 85 -1
8 10 85 1
6 7 85 1
3 7 85 1
3 4 86 1
5 8 86 -1
1 3 86 -1
3 6 86 1
4 6 86 1
3 7 87 1
5 9 87 -1
3 10 87 1
7 10 87 1
3 9 87 1
2 6 88 1
3 9 88 1
6 10 88 1
3 4 88 1
5 6 88 1
2 9 89 -1
7 10 89 1
2 4 89 -1
3 7 89 1
2 8 89 -1
2 9 90 -1
4 7 90 1
1 4 90 -1
4 9 90 1
3 8 90 -1
3 10 91 1
7 10 91 1
4 6 91 -1
1 3 91 -1
1 10 91 1
6 9 92 1
2 4 92 -1
5 8 92 -1
1 10 92 1
1 2 92 1
1 6 93 1
6 8 93 -1
1 8 93 -1
4 8 93 -1
8 9 93 1
1 4 94 1
2 7 94 -1
8 9 94 -1
1 6 94 1
6 7 94 -1
2 9 95 -1
6 7 95 -1
2 10 95 -1
6 8 95 -1
3 9 95 1
3 4 96 1
4 5 96 1
8 9 96 1
6 9 96 1
5 9 96 -1
2 8 97 -1
4 6 97 -1
6 10 97 1
7 8 97 -1
2 9 97 -1
6 7 98 1
5 8 98 -1
1 8 98 -1
6 10 98 1
1 6 98 1
4 6 99 -1
2 7 99 1
6 9 99 1
2 8 99 1
1 8 99 -1
6 8 100 -1
2 9 100 1
7 9 100 -1
1 2 100 -1
5 8 100 -1
