1 3 1 -1
5 10 1 1
5 9 1 1
4 10 1 1
1 6 1 -1
3 10 2 1
5 6 2 1
4 8 2 1
6 8 2 -1
5 9 2 -1
2 7 3 1
3 4 3 -1
2 6 3 1
1 9 3 1
3 9 3 -1
3 8 4 -1
1 7 4 1
5 6 4 -1
2 7 4 1
2 6 4 -1
3 4 5 1
2 9 5 -1
7 9 5 1
3 7 5 -1
4 5 5 -1
2 9 6 1
7 10 6 -1
5 6 6 -1
6 9 6 1
2 3 6 1
8 9 7 1
4 8 7 -1
3 8 7 -1
2 10 7 1
1 4 7 1
7 10 8 -1
1 6 8 1
1 9 8 1
5 10 8 -1
5 7 8 -1
3 5 9 1
4 10 9 1
3 4 9 -1
2 10 9 1
1 4 9 -1
7 10 10 1
2 6 10 -1
3 8 10 -1
5 7 10 1
1 3 10 -1
4 10 11 -1
1 10 11 -1
1 3 11 1
8 9 11 1
2 6 11 -1
6 10 12 1
5 10 12 -1
3 4 12 1
7 10 12 1
1 4 12 1
1 6 13 1
4 9 13 -1
7 10 13 1
6 8 13 -1
4 8 13 -1
1 2 14 1
1 4 14 1
4 9 14 -1
2 9 14 -1
3 4 14 1
6 9 15 -1
8 9 15 1
1 8 15 -1
8 10 15 1
3 5 15 -1
2 5 16 1
3 6 16 1
1 10 16 1
1 9 16 1
1 2 16 1
3 5 17 -1
2 5 17 -1
8 9 17 -1
7 10 17 -1
1 2 17 1
3 4 18 1
5 10 18 1
2 10 18 1
1 4 18 -1
5 9 18 -1
2 9 19 1
5 10 19 1
3 8 19 -1
4 6 19 -1
4 7 19 1
3 6 20 1
6 7 20 1
4 9 20 -1
1 6 20 -1
4 8 20 -1
3 7 21 1
5 6 21 1
1 2 21 -1
1 6 21 1
2 6 21 1
1 3 22 -1
3 7 22 1
3 9 22 1
5 6 22 1
6 7 22 1
6 10 23 1
6 8 23 -1
5 9 23 -1
1 7 23 -1
4 10 23 -1
4 9 24 1
6 8 24 -1
4 6 24 1
3 9 24 -1
6 7 24 -1
8 9 25 1
4 10 25 -1
7 9 25 1
1 5 25 1
4 5 25 1
3 9 26 1
5 8 26 -1
1 7 26 1
3 7 26 1
7 8 26 -1
1 5 27 -1
6 10 27 1
6 8 27 -1
3 8 27 -1
2 6 27 1
3 8 28 -1
6 10 28 1
6 7 28 1
4 8 28 -1
2 3 28 -1
2 6 29 -1
4 6 29 1
4 5 29 -1
5 9 29 1
2 9 29 1
5 10 30 1
4 10 30 1
2 4 30 -1
5 6 30 -1
1 4 30 1
6 10 31 -1
3 8 31 1
3 6 31 1
2 5 31 1
2 10 31 1
4 8 32 -1
5 7 32 -1
4 9 32 -1
4 7 32 -1
2 9 32 -1
4 6 33 -1
6 7 33 1
8 10 33 1
2 10 33 -1
2 6 33 -1
3 7 34 1
5 9 34 -1
2 5 34 1
2 10 34 1
1 6 34 1
5 7 35 1
3 9 35 1
2 10 35 1
5 6 35 1
8 10 35 1
4 10 36 1
3 5 36 1
2 6 36 -1
6 7 36 1
3 10 36 -1
5 10 37 1
3 9 37 -1
3 6 37 1
5 7 37 1
5 8 37 1
6 8 38 -1
1 5 38 -1
3 7 38 1
3 10 38 1
2 9 38 1
9 10 39 -1
2 7 39 1
6 8 39 -1
1 5 39 -1
2 6 39 1
1 10 40 1
1 8 40 -1
2 5 40 -1
2 3 40 -1
3 9 40 1
4 5 41 1
4 7 41 1
9 10 41 -1
5 7 41 -1
2 10 41 -1
5 8 42 -1
2 8 42 -1
1 2 42 1
7 8 42 -1
3 9 42 1
1 9 43 -1
7 8 43 -1
1 6 43 -1
2 5 43 1
3 4 43 -1
6 8 44 -1
2 5 44 1
1 3 44 1
6 7 44 1
3 6 44 1
4 8 45 -1
3 6 45 -1
4 9 45 1
6 7 45 1
3 7 45 1
2 8 46 -1
1 7 46 1
7 8 46 -1
3 5 46 1
4 6 46 1
1 7 47 1
1 6 47 1
2 8 47 1
3 10 47 1
8 10 47 1
6 7 48 1
1 8 48 -1
3 9 48 -1
7 9 48 -1
5 7 48 1
1 8 49 1
4 5 49 1
1 7 49 1
7 8 49 1
5 6 49 1
3 10 50 1
6 9 50 -1
2 7 50 1
2 4 50 1
1 6 50 1
5 9 51 1
2 6 51 1
2 5 51 1
8 10 51 1
6 8 51 -1
5 8 52 -1
2 6 52 -1
3 10 52 1
7 10 52 -1
3 9 52 1
2 3 53 1
2 5 53 1
3 10 53 1
2 7 53 1
8 10 53 1
7 10 54 1
9 10 54 1
1 2 54 -1
8 10 54 1
3 5 54 1
3 6 55 1
4 9 55 -1
1 3 55 -1
3 10 55 1
2 7 55 -1
5 10 56 1
4 7 56 1
1 3 56 1
7 9 56 -1
3 9 56 1
3 4 57 1
7 8 57 -1
1 8 57 1
4 8 57 -1
6 9 57 1
8 9 58 -1
1 7 58 -1
3 10 58 -1
1 3 58 -1
5 6 58 -1
2 8 59 -1
1 5 59 -1
2 10 59 1
7 8 59 -1
3 8 59 1
7 10 60 1
1 8 60 -1
1 7 60 1
2 6 60 1
4 9 60 -1
4 9 61 1
6 8 61 -1
3 7 61 -1
1 7 61 -1
2 10 61 1
6 9 62 1
5 9 62 1
5 6 62 -1
4 9 62 -1
3 6 62 -1
2 8 63 1
1 3 63 -1
3 4 63 -1
2 7 63 1
2 3 63 1
2 9 64 -1
4 10 64 -1
4 6 64 -1
6 8 64 1
6 10 64 1
2 4 65 -1
2 3 65 -1
5 7 65 -1
4 6 65 -1
8 9 65 1
5 9 66 1
7 9 66 -1
3 6 66 -1
4 5 66 -1
1 7 66 1
1 3 67 1
4 10 67 -1
5 10 67 1
1 7 67 1
5 8 67 1
6 8 68 -1
2 7 68 1
1 8 68 -1
3 9 68 -1
4 9 68 -1
1 4 69 -1
4 7 69 1
4 9 69 1
6 10 69 -1
2 4 69 1
9 10 70 1
2 4 70 -1
6 8 70 -1
6 9 70 1
1 8 70 1
7 8 71 -1
8 10 71 1
1 6 71 1
3 4 71 1
3 5 71 1
3 10 72 1
5 7 72 -1
2 8 72 -1
1 7 72 1
1 4 72 1
5 8 73 -1
4 7 73 -1
3 10 73 1
2 5 73 1
2 3 73 1
6 9 74 -1
4 5 74 1
2 10 74 -1
2 6 74 1
3 7 74 1
3 5 75 -1
8 9 75 1
5 7 75 1
2 3 75 -1
1 2 75 1
5 9 76 -1
6 9 76 1
6 8 76 -1
2 3 76 -1
9 10 76 1
4 9 77 -1
2 5 77 1
6 10 77 -1
4 7 77 1
4 10 77 1
5 8 78 1
1 10 78 1
1 8 78 1
5 9 78 1
4 10 78 1
1 2 79 -1
8 9 79 1
5 10 79 1
1 3 79 -1
7 9 79 1
2 6 80 -1
1 2 80 1
2 9 80 -1
9 10 80 1
5 8 80 -1
8 10 81 1
5 6 81 -1
3 8 81 -1
4 8 81 -1
1 8 81 1
2 3 82 -1
1 5 82 -1
6 8 82 1
2 10 82 -1
4 8 82 -1
1 6 83 -1
1 5 83 -1
3 7 83 1
1 9 83 -1
2 7 83 1
5 8 84 -1
7 10 84 1
6 8 84 -1
3 6 84 -1
2 7 84 -1
6 8 85 -1
1 4 85 1
2 10 85 1
8 9 85 1
4 9 85 -1
2 3 86 1
2 7 86 1
7 9 86 -1
6 9 86 -1
3 9 86 1
7 8 87 -1
1 8 87 1
5 6 87 -1
4 9 87 1
2 8 87 1
4 9 88 1
6 8 88 -1
1 6 88 1
8 9 88 1
9 10 88 1
2 6 89 -1
1 10 89 1
1 7 89 -1
2 10 89 -1
2 4 89 -1
1 4 90 -1
3 7 90 1
9 10 90 1
2 8 90 -1
2 7 90 -1
4 9 91 -1
1 10 91 1
3 4 91 1
5 9 91 -1
1 9 91 -1
8 9 92 1
3 4 92 1
6 10 92 1
4 6 92 -1
1 8 92 -1
5 10 93 -1
6 8 93 -1
2 5 93 1
4 8 93 -1
1 4 93 1
3 8 94 -1
1 3 94 1
1 4 94 1
3 6 94 1
4 8 94 1
4 9 95 -1
5 7 95 -1
1 4 95 1
3 6 95 1
2 10 95 -1
6 10 96 1
1 9 96 1
7 9 96 1
2 5 96 1
4 9 96 -1
6 7 97 1
1 4 97 -1
2 8 97 -1
5 6 97 -1
2 9 97 -1
2 8 98 1
3 7 98 1
1 2 98 -1
8 9 98 1
6 8 98 -1
2 9 99 1
5 9 99 1
5 6 99 1
4 9 99 1
2 7 99 1
1 2 100 -1
7 9 100 -1
4 7 100 1
4 5 100 -1
3 4 100 1
