2 8 1 -1
6 7 1 1
2 7 1 1
1 7 1 1
3 10 1 1
2 7 2 1
2 3 2 1
9 10 2 1
4 7 2 1
2 8 2 1
9 10 3 1
5 9 3 -1
2 6 3 1
3 8 3 1
3 5 3 -1
1 6 4 1
6 7 4 1
2 5 4 -1
3 9 4 1
3 4 4 1
6 10 5 1
2 10 5 1
2 7 5 -1
5 10 5 1
2 3 5 -1
8 9 6 1
4 5 6 1
3 5 6 1
2 10 6 1
1 2 6 1
1 5 7 -1
2 5 7 -1
7 9 7 -1
2 10 7 1
5 7 7 1
7 10 8 -1
6 10 8 -1
8 10 8 1
9 10 8 1
4 6 8 1
1 9 9 1
1 10 9 1
5 9 9 -1
3 5 9 1
5 10 9 -1
7 9 10 -1
1 2 10 1
1 6 10 -1
8 10 10 1
8 9 10 1
5 6 11 -1
3 9 11 1
1 8 11 -1
2 10 11 -1
1 6 11 -1
7 9 12 -1
6 8 12 1
1 3 12 1
3 10 12 1
2 8 12 -1
1 2 13 -1
3 9 13 1
4 10 13 1
5 9 13 -1
2 9 13 1
3 6 14 -1
3 5 14 1
8 10 14 1
6 7 14 1
6 10 14 1
3 9 15 -1
2 5 15 1
3 10 15 1
4 6 15 -1
2 7 15 1
3 8 16 1
7 8 16 -1
6 8 16 -1
4 9 16 1
6 7 16 1
7 9 17 -1
2 3 17 1
3 7 17 1
1 3 17 1
4 8 17 -1
6 7 18 -1
5 7 18 -1
2 4 18 1
3 5 18 1
4 8 18 -1
1 8 19 -1
3 7 19 1
1 10 19 1
9 10 19 -1
4 10 19 1
4 10 20 1
9 10 20 1
8 10 20 1
8 9 20 1
5 9 20 -1
4 8 21 -1
6 10 21 1
2 9 21 1
1 6 21 1
3 9 21 1
2 9 22 -1
4 5 22 -1
2 3 22 -1
9 10 22 1
4 10 22 1
5 8 23 -1
7 8 23 -1
1 8 23 -1
9 10 23 1
5 9 23 -1
1 10 24 1
3 7 24 -1
9 10 24 -1
1 7 24 1
2 9 24 1
5 6 25 -1
3 9 25 1
7 10 25 1
1 9 25 -1
6 10 25 1
2 8 26 -1
2 6 26 -1
4 10 26 1
4 6 26 -1
6 9 26 1
1 10 27 -1
5 8 27 -1
4 6 27 -1
6 9 27 -1
8 10 27 1
4 6 28 -1
3 9 28 1
3 8 28 -1
9 10 28 1
1 7 28 1
2 5 29 -1
3 10 29 1
2 10 29 1
4 7 29 -1
5 6 29 1
2 8 30 -1
4 6 30 -1
6 8 30 1
3 7 30 1
4 7 30 -1
7 10 31 1
4 6 31 1
7 8 31 -1
6 10 31 -1
1 7 31 -1
6 8 32 -1
2 4 32 -1
3 9 32 1
1 6 32 1
2 6 32 -1
7 8 33 -1
1 2 33 1
1 4 33 1
7 9 33 1
4 10 33 1
7 9 34 -1
7 10 34 1
3 8 34 1
1 5 34 1
1 9 34 1
6 7 35 1
4 9 35 -1
5 6 35 1
3 6 35 -1
3 9 35 1
2 9 36 1
3 6 36 -1
1 6 36 -1
7 9 36 1
1 2 36 -1
1 5 37 1
1 9 37 1
4 7 37 1
4 5 37 -1
4 8 37 1
2 8 38 -1
3 7 38 1
5 7 38 1
3 10 38 1
4 9 38 1
1 3 39 -1
1 9 39 1
8 10 39 1
3 10 39 1
8 9 39 1
4 9 40 -1
9 10 40 1
4 8 40 -1
3 10 40 1
2 8 40 -1
2 9 41 -1
3 7 41 1
9 10 41 -1
4 10 41 1
3 8 41 1
1 9 42 1
4 9 42 1
5 9 42 -1
5 10 42 -1
6 8 42 -1
1 3 43 1
2 5 43 1
7 9 43 -1
5 9 43 1
4 6 43 -1
3 10 44 1
1 4 44 1
8 9 44 -1
2 5 44 1
9 10 44 1
4 7 45 1
2 3 45 -1
6 7 45 1
2 8 45 -1
3 7 45 1
4 7 46 1
7 8 46 -1
5 9 46 -1
6 7 46 1
3 9 46 1
1 3 47 1
4 9 47 -1
3 9 47 1
5 9 47 1
2 4 47 1
6 8 48 -1
2 4 48 1
7 10 48 1
2 9 48 -1
9 10 48 1
6 9 49 -1
6 8 49 -1
1 5 49 1
5 8 49 -1
3 4 49 -1
4 6 50 1
7 8 50 -1
2 10 50 1
7 9 50 1
8 10 50 1
1 4 51 1
1 3 51 1
2 10 51 1
4 5 51 -1
2 3 51 1
1 7 52 1
4 9 52 1
4 6 52 -1
3 9 52 1
5 8 52 -1
1 10 53 1
3 7 53 -1
8 10 53 1
2 9 53 1
7 8 53 -1
5 7 54 1
1 4 54 -1
6 8 54 1
6 10 54 1
9 10 54 1
8 10 55 1
2 3 55 -1
5 10 55 1
1 10 55 -1
2 6 55 1
5 10 56 1
1 2 56 -1
4 7 56 1
6 8 56 -1
2 4 56 1
4 6 57 -1
4 8 57 -1
2 4 57 1
1 5 57 1
5 9 57 1
2 4 58 -1
2 6 58 -1
2 8 58 1
4 9 58 -1
2 3 58 -1
7 10 59 1
4 6 59 1
4 5 59 1
2 3 59 -1
2 6 59 -1
1 6 60 1
1 10 60 1
8 10 60 1
6 10 60 1
2 7 60 1
1 3 61 -1
5 6 61 -1
8 10 61 1
6 7 61 -1
3 7 61 -1
1 4 62 -1
4 8 62 -1
9 10 62 1
6 9 62 1
2 5 62 -1
1 10 63 -1
2 8 63 1
8 10 63 1
6 10 63 -1
3 4 63 -1
5 9 64 -1
4 8 64 -1
1 2 64 1
9 10 64 -1
1 3 64 1
1 8 65 -1
1 10 65 1
9 10 65 1
5 9 65 -1
7 9 65 -1
5 8 66 1
2 7 66 1
5 6 66 1
6 9 66 1
1 8 66 -1
6 7 67 -1
1 8 67 1
7 10 67 1
4 6 67 -1
2 6 67 1
3 10 68 1
5 6 68 1
2 5 68 1
6 7 68 -1
8 10 68 1
1 8 69 -1
8 10 69 1
1 4 69 -1
7 9 69 -1
5 8 69 1
2 9 70 1
4 10 70 1
1 3 70 1
5 7 70 1
1 8 70 1
8 9 71 1
6 9 71 -1
1 10 71 1
1 9 71 1
3 8 71 -1
4 8 72 -1
2 7 72 1
4 5 72 1
1 4 72 1
9 10 72 1
3 8 73 1
2 7 73 1
5 7 73 -1
7 9 73 1
6 8 73 -1
3 8 74 -1
5 9 74 -1
1 7 74 1
1 3 74 1
3 4 74 1
6 10 75 1
2 8 75 -1
4 10 75 1
4 5 75 -1
7 9 75 -1
1 8 76 -1
2 10 76 1
1 2 76 -1
8 9 76 1
5 6 76 -1
3 8 77 -1
1 6 77 1
2 5 77 1
7 10 77 1
3 5 77 1
7 10 78 1
4 5 78 -1
2 7 78 1
1 6 78 1
6 7 78 -1
5 9 79 1
1 8 79 -1
4 9 79 1
3 6 79 -1
2 3 79 1
9 10 80 1
6 10 80 1
1 8 80 -1
4 6 80 -1
5 9 80 -1
2 10 81 1
4 6 81 -1
2 7 81 -1
5 7 81 -1
6 9 81 1
2 7 82 -1
6 9 82 1
3 6 82 -1
1 2 82 1
3 10 82 1
7 9 83 -1
2 6 83 -1
4 10 83 1
6 8 83 1
2 10 83 1
1 5 84 1
3 8 84 -1
4 8 84 -1
2 10 84 1
4 6 84 -1
8 10 85 1
5 10 85 1
3 5 85 -1
6 7 85 1
3 10 85 1
6 9 86 -1
5 6 86 1
4 7 86 1
1 8 86 -1
2 8 86 1
4 8 87 1
7 9 87 1
4 9 87 1
2 10 87 1
1 4 87 -1
1 6 88 1
1 8 88 1
1 2 88 -1
3 9 88 1
6 10 88 1
8 10 89 1
5 9 89 1
1 10 89 1
4 7 89 1
1 4 89 -1
2 10 90 -1
3 4 90 -1
5 10 90 1
6 10 90 1
9 10 90 1
2 3 91 -1
5 7 91 1
3 8 91 -1
9 10 91 1
2 6 91 -1
1 8 92 -1
3 4 92 1
2 3 92 -1
6 10 92 1
7 10 92 1
4 7 93 1
4 10 93 1
5 10 93 -1
7 8 93 -1
6 9 93 1
4 5 94 1
3 9 94 -1
3 4 94 -1
3 10 94 1
6 8 94 -1
2 3 95 -1
5 8 95 -1
4 6 95 1
2 9 95 -1
1 3 95 1
7 9 96 1
1 8 96 -1
4 5 96 1
7 10 96 1
2 6 96 1
5 6 97 -1
8 9 97 1
4 8 97 -1
4 10 97 1
3 9 97 -1
3 7 98 1
2 9 98 1
2 10 98 1
2 6 98 1
1 9 98 1
3 4 99 -1
1 2 99 -1
3 9 99 -1
1 6 99 1
1 9 99 1
1 8 100 -1
2 4 100 1
8 10 100 1
7 9 100 -1
5 6 100 1
