5 10 1 1
5 8 1 -1
6 10 1 1
2 9 1 1
2 7 1 1
6 9 2 -1
6 7 2 -1
7 10 2 -1
1 6 2 1
9 10 2 1
5 10 3 1
5 7 3 -1
6 10 3 1
2 7 3 1
3 7 3 -1
6 7 4 1
7 9 4 -1
1 4 4 1
1 3 4 1
5 9 4 1
1 7 5 -1
1 6 5 -1
8 10 5 1
6 10 5 1
2 8 5 -1
6 9 6 1
1 9 6 1
5 7 6 1
3 10 6 1
2 6 6 1
3 6 7 -1
7 10 7 -1
6 7 7 1
6 8 7 -1
4 6 7 -1
1 8 8 1
2 3 8 -1
4 5 8 1
6 7 8 -1
3 5 8 1
1 4 9 -1
1 8 9 -1
4 7 9 -1
2 5 9 1
1 6 9 -1
5 7 10 1
4 8 10 -1
1 9 10 -1
4 10 10 1
2 5 10 1
1 9 11 1
4 6 11 -1
3 9 11 1
9 10 11 -1
4 9 11 1
1 8 12 -1
2 3 12 1
6 9 12 1
5 9 12 -1
4 7 12 -1
4 5 13 1
3 8 13 1
6 10 13 -1
5 7 13 -1
4 8 13 -1
3 10 14 1
6 10 14 1
4 6 14 -1
3 5 14 1
6 8 14 1
2 9 15 1
5 10 15 1
4 5 15 -1
3 7 15 -1
5 6 15 1
6 7 16 1
6 9 16 -1
6 8 16 -1
4 8 16 1
1 2 16 1
1 5 17 -1
5 7 17 1
1 7 17 1
3 6 17 1
1 9 17 1
1 10 18 1
2 5 18 1
3 6 18 1
6 10 18 1
2 10 18 1
4 6 19 -1
3 4 19 1
3 10 19 1
1 10 19 1
4 10 19 1
5 7 20 1
1 3 20 -1
3 9 20 1
3 6 20 1
2 3 20 -1
3 5 21 1
1 3 21 1
9 10 21 1
1 6 21 1
3 10 21 1
2 10 22 1
2 4 22 -1
7 8 22 -1
3 9 22 1
1 4 22 1
2 5 23 1
3 10 23 1
1 9 23 -1
5 7 23 -1
6 9 23 1
9 10 24 -1
1 7 24 1
1 5 24 -1
2 9 24 1
1 2 24 -1
1 2 25 -1
3 4 25 1
5 7 25 -1
1 4 25 -1
3 5 25 1
3 4 26 1
2 3 26 -1
3 8 26 -1
5 7 26 1
7 10 26 1
1 7 27 -1
5 9 27 -1
3 8 27 -1
2 4 27 1
1 9 27 -1
3 5 28 1
5 8 28 -1
7 8 28 -1
1 9 28 1
4 10 28 1
7 10 29 1
8 10 29 1
1 8 29 -1
4 9 29 1
2 5 29 -1
8 10 30 1
4 10 30 1
3 9 30 -1
1 6 30 1
3 7 30 1
1 8 31 -1
1 5 31 1
1 2 31 1
4 6 31 1
2 3 31 -1
1 4 32 1
4 5 32 1
1 8 32 1
3 7 32 1
2 7 32 -1
4 10 33 1
1 5 33 -1
3 8 33 -1
4 8 33 -1
7 8 33 -1
7 8 34 -1
3 4 34 -1
7 9 34 -1
8 10 34 1
3 7 34 1
4 9 35 -1
7 8 35 -1
2 4 35 1
6 9 35 1
5 7 35 1
8 9 36 -1
1 3 36 -1
2 8 36 1
7 10 36 1
1 9 36 -1
4 8 37 1
6 7 37 -1
1 2 37 1
5 8 37 1
4 10 37 1
4 8 38 -1
6 9 38 1
5 8 38 -1
4 6 38 1
3 7 38 1
5 9 39 1
3 10 39 1
8 10 39 1
1 5 39 -1
6 10 39 1
6 8 40 -1
2 3 40 -1
5 9 40 1
2 8 40 -1
5 7 40 1
1 5 41 1
2 7 41 -1
4 5 41 1
2 8 41 1
1 7 41 1
4 8 42 -1
3 10 42 1
6 7 42 -1
8 9 42 1
3 9 42 1
7 8 43 -1
6 10 43 1
3 6 43 -1
3 4 43 -1
1 9 43 -1
1 6 44 1
1 3 44 1
2 10 44 1
1 7 44 1
6 9 44 -1
3 6 45 -1
5 7 45 1
1 10 45 1
4 5 45 -1
3 8 45 -1
8 10 46 1
1 9 46 1
5 6 46 -1
3 4 46 -1
5 7 46 1
5 9 47 1
1 4 47 1
3 9 47 1
1 10 47 1
2 5 47 -1
3 7 48 1
1 3 48 -1
6 10 48 1
3 8 48 -1
1 9 48 -1
1 4 49 1
4 9 49 1
1 2 49 1
6 7 49 -1
1 5 49 1
7 8 50 -1
4 6 50 1
4 9 50 1
1 8 50 -1
2 7 50 1
2 3 51 1
9 10 51 1
1 9 51 -1
1 5 51 -1
1 3 51 1
4 8 52 -1
1 10 52 1
7 10 52 -1
8 9 52 1
3 8 52 -1
3 6 53 -1
2 6 53 1
1 4 53 1
1 2 53 -1
6 9 53 1
9 10 54 1
5 6 54 -1
4 6 54 -1
2 7 54 1
6 9 54 1
2 3 55 -1
3 10 55 1
1 7 55 -1
8 10 55 1
3 7 55 1
5 8 56 -1
1 6 56 -1
3 7 56 1
7 9 56 -1
7 8 56 -1
3 5 57 -1
3 8 57 1
4 5 57 -1
2 9 57 1
5 8 57 1
9 10 58 1
1 5 58 1
1 6 58 -1
5 9 58 -1
1 8 58 1
5 9 59 -1
3 9 59 1
8 9 59 1
6 10 59 1
1 6 59 -1
4 9 60 -1
4 6 60 1
1 3 60 -1
2 4 60 1
2 10 60 1
4 7 61 -1
4 5 61 1
2 8 61 1
5 8 61 -1
1 9 61 -1
3 10 62 -1
2 5 62 -1
7 8 62 -1
1 5 62 -1
1 2 62 -1
1 10 63 -1
3 10 63 -1
3 7 63 1
1 3 63 -1
2 7 63 1
6 9 64 1
5 7 64 -1
4 10 64 -1
1 9 64 1
1 2 64 1
5 10 65 -1
1 4 65 -1
1 10 65 1
6 7 65 1
5 9 65 -1
2 3 66 -1
5 7 66 1
4 9 66 -1
1 8 66 -1
3 8 66 -1
3 7 67 -1
4 5 67 -1
7 8 67 -1
5 7 67 1
6 9 67 -1
8 10 68 1
2 6 68 1
6 7 68 -1
4 10 68 -1
1 7 68 -1
8 10 69 1
1 4 69 -1
2 7 69 1
6 7 69 1
5 10 69 1
4 7 70 1
1 10 70 1
4 8 70 -1
1 2 70 1
1 4 70 1
1 7 71 1
1 5 71 1
8 9 71 1
4 5 71 1
2 5 71 1
1 7 72 1
4 5 72 1
3 9 72 1
4 8 72 -1
4 6 72 -1
7 8 73 -1
7 10 73 1
2 9 73 1
2 10 73 1
8 10 73 1
2 6 74 1
3 10 74 1
5 7 74 -1
1 3 74 1
3 6 74 1
6 8 75 -1
3 6 75 -1
2 10 75 1
2 3 75 -1
3 4 75 1
3 7 76 1
3 8 76 -1
3 9 76 1
7 10 76 1
4 7 76 -1
3 5 77 1
6 10 77 -1
7 9 77 -1
3 10 77 1
4 10 77 1
7 9 78 1
5 8 78 1
8 9 78 1
2 6 78 1
8 10 78 1
6 10 79 1
4 6 79 1
2 8 79 1
5 10 79 1
3 10 79 1
8 10 80 1
4 6 80 -1
2 4 80 -1
5 8 80 -1
3 9 80 -1
1 2 81 1
1 4 81 1
3 4 81 -1
1 3 81 1
5 9 81 1
1 9 82 1
2 9 82 -1
6 10 82 1
2 7 82 -1
8 10 82 1
1 3 83 -1
1 9 83 -1
3 6 83 -1
5 8 83 1
3 4 83 1
1 9 84 -1
9 10 84 1
4 9 84 -1
6 10 84 1
1 7 84 -1
3 8 85 -1
4 8 85 -1
6 7 85 1
8 10 85 1
2 5 85 -1
1 2 86 -1
4 9 86 1
1 8 86 -1
4 8 86 -1
7 8 86 -1
8 10 87 1
2 4 87 -1
2 3 87 1
1 3 87 -1
9 10 87 -1
2 10 88 1
2 5 88 1
4 5 88 -1
6 7 88 -1
5 8 88 -1
2 6 89 -1
3 4 89 -1
2 9 89 -1
1 9 89 -1
4 9 89 1
2 3 90 -1
3 6 90 -1
9 10 90 1
5 8 90 -1
3 8 90 -1
3 8 91 -1
2 8 91 -1
5 6 91 -1
2 5 91 -1
1 2 91 1
5 9 92 1
8 10 92 1
3 6 92 -1
4 10 92 1
5 8 92 -1
8 9 93 1
6 7 93 1
3 4 93 1
4 9 93 1
3 7 93 1
6 10 94 1
4 8 94 1
7 8 94 1
2 3 94 1
1 10 94 1
2 8 95 -1
6 9 95 -1
5 9 95 -1
5 7 95 -1
9 10 95 1
5 6 96 -1
5 10 96 -1
2 7 96 1
1 5 96 1
1 4 96 1
2 7 97 1
4 5 97 1
5 10 97 1
4 8 97 -1
9 10 97 1
3 7 98 1
6 10 98 1
6 9 98 -1
2 9 98 1
5 10 98 1
5 8 99 1
1 4 99 1
6 9 99 1
3 8 99 -1
6 7 99 1
4 6 100 1
4 10 100 1
3 10 100 1
5 10 100 1
3 4 100 1
