3 5 1 -1
1 4 1 1
4 8 1 -1
7 9 1 1
2 7 1 1
1 10 2 1
6 8 2 -1
1 6 2 1
6 10 2 -1
5 9 2 -1
1 6 3 1
6 10 3 1
1 5 3 1
7 9 3 1
6 8 3 1
1 4 4 1
4 6 4 -1
3 9 4 1
1 8 4 -1
1 6 4 1
1 5 5 1
5 7 5 -1
1 3 5 -1
1 10 5 1
2 9 5 -1
8 10 6 1
5 9 6 -1
5 10 6 1
3 7 6 1
2 9 6 1
6 8 7 -1
3 8 7 -1
1 3 7 1
2 5 7 -1
5 9 7 1
1 3 8 1
2 3 8 -1
2 9 8 1
4 5 8 1
1 5 8 1
7 10 9 1
5 7 9 -1
6 8 9 1
3 6 9 -1
6 9 9 1
4 7 10 1
5 9 10 -1
2 7 10 1
6 10 10 1
5 10 10 1
6 8 11 1
8 10 11 -1
4 5 11 1
9 10 11 -1
5 10 11 -1
1 5 12 1
2 5 12 1
6 10 12 1
9 10 12 1
3 6 12 -1
5 10 13 -1
3 9 13 1
3 10 13 1
2 9 13 1
3 4 13 1
4 6 14 -1
8 10 14 1
2 7 14 -1
1 10 14 1
2 4 14 -1
5 9 15 -1
2 6 15 1
6 8 15 -1
1 2 15 -1
1 7 15 -1
1 4 16 1
7 10 16 1
4 8 16 1
1 9 16 1
5 7 16 -1
1 2 17 1
4 10 17 -1
4 6 17 1
7 9 17 -1
5 8 17 1
7 9 18 -1
4 6 18 1
9 10 18 1
4 5 18 1
6 9 18 -1
7 9 19 -1
9 10 19 -1
3 10 19 1
2 3 19 -1
4 10 19 1
4 7 20 -1
2 9 20 1
6 10 20 1
3 10 20 1
3 9 20 1
1 8 21 1
1 2 21 -1
4 8 21 -1
5 10 21 1
3 9 21 1
5 7 22 1
7 9 22 -1
6 9 22 1
7 8 22 -1
5 10 22 1
4 8 23 -1
7 10 23 -1
5 7 23 -1
3 8 23 -1
5 8 23 -1
4 10 24 1
2 3 24 1
1 9 24 1
3 5 24 -1
3 4 24 -1
1 8 25 -1
1 4 25 -1
7 10 25 1
6 7 25 1
2 4 25 1
3 5 26 1
4 10 26 1
3 9 26 1
2 6 26 -1
4 7 26 -1
8 9 27 1
6 7 27 1
5 6 27 1
6 9 27 -1
5 9 27 -1
9 10 28 1
7 9 28 -1
4 5 28 -1
5 9 28 1
6 7 28 1
2 8 29 -1
5 7 29 -1
1 6 29 1
5 10 29 1
6 9 29 1
2 4 30 -1
6 8 30 1
2 6 30 -1
1 7 30 1
4 9 30 -1
3 7 31 1
2 9 31 -1
2 7 31 -1
2 5 31 1
1 4 31 -1
7 8 32 -1
6 7 32 1
4 10 32 -1
4 7 32 -1
2 7 32 -1
2 3 33 -1
3 7 33 1
6 10 33 1
3 5 33 1
6 7 33 1
2 3 34 -1
7 10 34 1
5 8 34 -1
3 10 34 1
1 8 34 1
5 9 35 1
5 7 35 1
5 10 35 1
7 9 35 -1
8 10 35 1
3 4 36 -1
1 4 36 -1
2 10 36 1
6 8 36 1
4 7 36 1
3 10 37 -1
9 10 37 -1
1 7 37 1
6 8 37 -1
5 8 37 1
3 10 38 1
9 10 38 1
2 8 38 -1
5 6 38 1
4 9 38 1
2 8 39 -1
3 10 39 1
4 5 39 -1
7 8 39 -1
7 10 39 -1
3 8 40 -1
4 8 40 -1
1 7 40 1
4 7 40 1
4 6 40 -1
4 6 41 1
1 2 41 1
2 5 41 1
3 9 41 1
7 9 41 1
5 9 42 -1
2 6 42 1
4 9 42 1
1 2 42 1
8 10 42 1
1 6 43 -1
6 8 43 -1
3 4 43 -1
1 3 43 1
8 10 43 1
8 9 44 -1
4 5 44 1
1 8 44 1
3 7 44 1
2 3 44 1
5 9 45 1
4 8 45 -1
3 9 45 1
3 4 45 1
9 10 45 1
6 7 46 1
3 7 46 1
2 6 46 1
7 10 46 -1
2 9 46 -1
1 4 47 1
4 10 47 1
4 8 47 -1
2 8 47 1
1 7 47 1
2 6 48 1
4 9 48 -1
2 3 48 -1
7 8 48 -1
3 5 48 1
7 10 49 1
3 5 49 1
2 3 49 -1
1 6 49 1
2 6 49 1
1 2 50 -1
5 10 50 -1
1 9 50 1
1 4 50 1
5 8 50 -1
4 10 51 1
3 10 51 -1
1 6 51 -1
8 10 51 1
1 10 51 1
5 10 52 1
1 8 52 -1
7 8 52 -1
1 5 52 -1
2 9 52 -1
4 5 53 -1
1 7 53 -1
4 10 53 1
1 8 53 -1
2 6 53 1
4 5 54 1
7 9 54 -1
2 5 54 1
2 3 54 -1
6 7 54 1
8 10 55 1
5 9 55 -1
1 3 55 -1
6 7 55 -1
7 10 55 1
8 9 56 1
7 9 56 -1
5 8 56 -1
1 6 56 -1
2 10 56 1
8 9 57 1
8 10 57 1
4 5 57 -1
3 6 57 -1
2 6 57 -1
5 6 58 -1
6 7 58 1
5 10 58 -1
4 8 58 1
4 6 58 -1
6 9 59 -1
1 3 59 -1
2 7 59 -1
4 8 59 1
3 6 59 1
1 10 60 1
1 9 60 -1
4 7 60 1
5 9 60 -1
1 4 60 1
2 9 61 1
1 10 61 1
1 9 61 -1
3 10 61 1
4 8 61 -1
3 7 62 -1
9 10 62 1
1 7 62 1
2 4 62 -1
1 9 62 -1
3 10 63 -1
5 9 63 1
4 5 63 -1
4 9 63 1
1 2 63 -1
1 2 64 1
4 8 64 -1
4 6 64 -1
2 7 64 -1
8 9 64 1
7 8 65 -1
1 6 65 -1
3 4 65 1
6 7 65 1
1 2 65 -1
1 9 66 1
2 9 66 1
3 5 66 -1
4 9 66 -1
5 8 66 1
2 6 67 1
7 10 67 1
2 5 67 -1
1 6 67 1
3 5 67 -1
2 8 68 -1
4 6 68 -1
3 9 68 -1
1 2 68 -1
4 5 68 -1
6 10 69 -1
7 10 69 -1
1 6 69 1
7 8 69 -1
3 9 69 1
4 10 70 1
7 10 70 1
4 5 70 1
8 9 70 1
3 7 70 1
9 10 71 1
7 8 71 -1
5 6 71 -1
8 10 71 1
1 9 71 1
8 10 72 1
5 10 72 -1
3 8 72 -1
4 8 72 -1
2 4 72 -1
1 7 73 -1
2 9 73 1
3 8 73 1
6 7 73 -1
4 9 73 -1
2 4 74 -1
5 9 74 -1
2 3 74 -1
2 5 74 1
5 6 74 -1
3 6 75 -1
4 9 75 -1
7 10 75 1
2 8 75 -1
2 9 75 -1
1 2 76 -1
2 5 76 1
1 9 76 -1
4 8 76 -1
6 10 76 1
7 8 77 -1
1 7 77 -1
1 3 77 -1
3 6 77 1
3 7 77 1
8 10 78 1
2 5 78 -1
6 9 78 1
8 9 78 1
5 8 78 1
4 6 79 1
5 9 79 1
3 5 79 -1
4 9 79 1
6 10 79 1
2 7 80 1
3 6 80 -1
1 6 80 -1
1 5 80 -1
5 9 80 -1
1 10 81 1
4 10 81 1
7 8 81 1
3 10 81 1
2 8 81 -1
2 9 82 -1
1 3 82 -1
4 8 82 -1
2 3 82 -1
6 10 82 1
7 10 83 1
1 6 83 -1
1 5 83 -1
1 9 83 -1
6 10 83 1
1 4 84 -1
2 7 84 -1
4 5 84 1
3 4 84 1
6 9 84 -1
7 10 85 1
7 8 85 -1
2 10 85 1
2 8 85 -1
1 4 85 1
9 10 86 1
1 8 86 -1
5 8 86 -1
3 5 86 1
8 10 86 1
7 10 87 1
1 7 87 1
1 9 87 1
2 9 87 1
5 9 87 -1
8 9 88 1
5 9 88 1
6 9 88 1
2 7 88 1
4 8 88 -1
2 8 89 -1
2 3 89 -1
6 8 89 -1
7 8 89 -1
3 7 89 1
6 7 90 1
6 10 90 1
1 2 90 1
2 3 90 -1
3 8 90 -1
2 10 91 1
7 9 91 -1
6 9 91 -1
1 7 91 1
1 3 91 -1
3 7 92 1
5 10 92 1
3 10 92 1
6 9 92 1
7 8 92 -1
3 9 93 1
1 3 93 -1
3 5 93 1
2 8 93 -1
8 10 93 1
8 10 94 1
1 6 94 1
7 10 94 1
1 3 94 1
2 10 94 1
1 5 95 1
4 10 95 1
8 9 95 -1
1 7 95 1
2 4 95 -1
4 9 96 -1
6 7 96 -1
5 9 96 -1
1 9 96 1
4 10 96 1
7 10 97 1
1 4 97 -1
2 10 97 1
4 7 97 1
6 8 97 -1
6 7 98 1
1 8 98 -1
7 10 98 -1
5 9 98 -1
2 10 98 1
4 7 99 1
4 8 99 -1
6 7 99 1
5 9 99 1
7 9 99 -1
4 9 100 -1
1 10 100 1
6 9 100 -1
1 2 100 -1
8 9 100 1
