2 5 1 -1
4 10 1 1
5 7 1 1
1 3 1 -1
7 9 1 1
2 7 2 1
5 9 2 -1
2 8 2 1
4 7 2 1
1 3 2 1
2 7 3 1
6 10 3 1
1 10 3 1
3 7 3 -1
3 5 3 -1
6 7 4 1
3 7 4 1
3 8 4 -1
1 2 4 1
2 5 4 -1
1 8 5 -1
2 9 5 -1
5 9 5 -1
5 10 5 1
4 10 5 1
5 8 6 -1
7 8 6 -1
3 5 6 1
3 10 6 1
4 10 6 1
3 9 7 1
2 8 7 -1
3 6 7 -1
6 9 7 1
4 9 7 -1
1 8 8 1
5 9 8 -1
1 9 8 1
8 10 8 1
3 4 8 1
3 4 9 -1
9 10 9 -1
2 8 9 -1
5 10 9 -1
3 7 9 -1
3 9 10 1
5 6 10 -1
3 5 10 1
1 2 10 1
1 3 10 -1
3 4 11 -1
1 6 11 -1
3 7 11 1
1 7 11 1
3 9 11 1
6 7 12 1
1 10 12 1
7 9 12 -1
2 3 12 1
2 4 12 1
3 6 13 1
1 3 13 -1
1 6 13 1
2 9 13 1
2 3 13 -1
1 4 14 1
2 8 14 -1
2 7 14 -1
7 10 14 1
3 9 14 -1
3 10 15 1
2 8 15 1
4 9 15 -1
1 10 15 1
3 5 15 -1
3 4 16 -1
7 10 16 1
4 8 16 1
4 10 16 1
1 8 16 1
2 3 17 1
4 10 17 -1
1 7 17 1
1 8 17 1
6 10 17 -1
4 10 18 1
1 6 18 1
5 7 18 -1
2 10 18 1
6 7 18 -1
5 8 19 -1
2 9 19 1
6 10 19 1
3 10 19 1
6 9 19 1
4 8 20 -1
3 4 20 1
3 5 20 1
7 9 20 -1
1 7 20 1
1 3 21 1
1 4 21 1
8 10 21 1
2 8 21 1
3 5 21 1
1 3 22 -1
3 10 22 1
6 8 22 -1
6 7 22 1
1 9 22 1
4 7 23 -1
1 5 23 1
1 7 23 -1
4 5 23 1
7 10 23 -1
5 8 24 1
3 5 24 -1
3 7 24 -1
1 2 24 -1
4 10 24 1
5 8 25 -1
4 5 25 1
8 9 25 1
3 6 25 -1
1 6 25 -1
1 9 26 1
1 10 26 1
4 7 26 -1
2 10 26 1
1 5 26 1
5 6 27 1
3 8 27 -1
6 7 27 1
5 8 27 -1
8 9 27 1
3 10 28 1
2 8 28 -1
4 7 28 -1
3 9 28 1
8 9 28 1
2 3 29 -1
8 10 29 1
3 6 29 1
7 10 29 1
2 8 29 -1
9 10 30 1
2 4 30 -1
1 3 30 1
1 8 30 1
2 10 30 1
4 5 31 1
1 3 31 -1
4 9 31 1
7 8 31 -1
3 6 31 1
8 9 32 1
5 10 32 -1
1 4 32 1
2 5 32 1
7 9 32 -1
5 10 33 1
1 6 33 -1
4 5 33 -1
2 9 33 -1
6 9 33 1
8 9 34 1
2 9 34 -1
5 6 34 -1
5 7 34 -1
4 7 34 1
2 10 35 1
7 10 35 1
6 10 35 1
7 8 35 -1
4 10 35 1
1 7 36 -1
4 8 36 1
7 10 36 1
7 9 36 1
2 10 36 1
4 5 37 -1
4 10 37 1
8 9 37 -1
3 4 37 -1
1 7 37 1
6 9 38 1
2 9 38 1
8 9 38 1
3 9 38 1
2 7 38 1
6 8 39 -1
8 10 39 1
1 4 39 1
3 4 39 1
1 2 39 -1
2 4 40 1
6 8 40 -1
1 4 40 1
3 9 40 1
4 5 40 -1
3 4 41 -1
4 8 41 1
4 6 41 1
1 8 41 1
6 10 41 1
2 5 42 1
4 8 42 -1
5 7 42 -1
1 6 42 1
8 9 42 1
2 5 43 1
3 7 43 1
5 10 43 1
1 8 43 -1
8 9 43 1
8 10 44 1
2 10 44 1
3 6 44 1
1 10 44 1
5 6 44 1
4 9 45 1
2 5 45 -1
4 5 45 -1
4 7 45 1
2 9 45 -1
1 7 46 1
5 6 46 -1
6 8 46 -1
1 9 46 1
3 7 46 1
1 2 47 1
1 6 47 1
1 3 47 1
4 9 47 -1
4 10 47 1
1 2 48 -1
2 6 48 1
2 8 48 -1
3 8 48 -1
1 6 48 -1
1 9 49 1
8 9 49 -1
7 8 49 1
8 10 49 1
2 9 49 -1
1 3 50 -1
2 9 50 1
7 10 50 1
7 9 50 1
3 10 50 1
3 9 51 -1
2 7 51 1
1 4 51 1
3 7 51 -1
3 5 51 -1
4 5 52 -1
4 8 52 -1
1 8 52 -1
2 9 52 -1
5 9 52 1
6 9 53 1
8 10 53 1
5 8 53 1
1 2 53 -1
6 10 53 1
2 3 54 -1
2 6 54 -1
4 10 54 1
2 7 54 1
9 10 54 1
1 8 55 -1
5 7 55 -1
5 8 55 -1
3 4 55 1
3 5 55 1
6 10 56 1
4 6 56 -1
2 5 56 1
1 2 56 -1
3 8 56 -1
6 8 57 1
4 5 57 -1
1 10 57 1
3 4 57 1
2 7 57 1
4 6 58 -1
2 6 58 -1
6 10 58 1
7 9 58 -1
3 9 58 -1
1 3 59 -1
2 4 59 -1
4 7 59 1
4 10 59 1
3 7 59 1
2 5 60 1
4 6 60 1
5 9 60 -1
2 10 60 1
1 8 60 -1
3 4 61 1
9 10 61 1
1 5 61 1
3 7 61 -1
3 6 61 1
1 7 62 1
2 9 62 -1
4 9 62 -1
7 10 62 -1
2 5 62 -1
1 8 63 -1
2 3 63 1
1 5 63 -1
2 5 63 -1
2 7 63 1
4 7 64 -1
2 3 64 -1
3 8 64 -1
5 8 64 -1
3 9 64 1
5 8 65 -1
1 4 65 -1
8 9 65 1
3 9 65 -1
6 7 65 1
5 9 66 1
4 5 66 -1
3 4 66 1
5 6 66 1
1 5 66 -1
1 8 67 1
2 8 67 -1
2 9 67 -1
6 9 67 -1
6 10 67 1
2 10 68 1
6 9 68 -1
1 2 68 -1
5 6 68 1
1 5 68 -1
1 2 69 -1
8 9 69 1
3 4 69 -1
1 5 69 -1
5 7 69 1
1 5 70 1
2 10 70 1
3 9 70 1
8 10 70 1
2 6 70 1
1 4 71 1
5 7 71 -1
6 7 71 -1
8 9 71 1
1 3 71 -1
2 4 72 -1
5 7 72 -1
1 10 72 1
7 9 72 -1
5 8 72 -1
5 8 73 -1
1 7 73 -1
6 7 73 -1
1 10 73 1
2 6 73 1
2 4 74 -1
2 3 74 -1
1 7 74 1
3 7 74 1
4 10 74 1
4 7 75 1
5 8 75 1
4 9 75 -1
5 7 75 1
8 10 75 1
7 10 76 1
3 4 76 1
2 7 76 -1
3 9 76 1
1 2 76 -1
6 7 77 -1
1 10 77 -1
2 8 77 -1
3 10 77 1
5 7 77 -1
2 8 78 1
3 8 78 -1
1 3 78 1
1 9 78 1
7 8 78 1
2 8 79 1
3 10 79 1
8 10 79 1
2 3 79 1
2 10 79 1
1 5 80 -1
6 9 80 1
8 10 80 1
3 5 80 -1
5 8 80 -1
3 7 81 -1
4 9 81 1
2 7 81 -1
5 7 81 -1
2 10 81 1
4 6 82 -1
5 10 82 1
7 8 82 -1
3 7 82 1
7 9 82 1
3 4 83 1
7 8 83 -1
3 7 83 1
1 10 83 1
6 9 83 1
3 6 84 -1
2 10 84 1
1 5 84 1
9 10 84 1
3 9 84 -1
1 5 85 -1
3 10 85 1
2 10 85 1
1 8 85 -1
6 9 85 -1
2 4 86 1
4 8 86 -1
3 5 86 1
4 5 86 1
2 9 86 1
3 10 87 1
3 8 87 1
6 7 87 -1
5 9 87 -1
3 4 87 -1
4 7 88 -1
1 3 88 -1
3 6 88 1
1 8 88 1
5 10 88 1
1 6 89 -1
5 9 89 1
7 8 89 -1
2 10 89 -1
2 3 89 -1
5 7 90 1
1 9 90 -1
6 9 90 1
3 10 90 1
2 7 90 -1
1 9 91 -1
6 7 91 1
1 6 91 -1
4 7 91 -1
3 10 91 1
6 8 92 -1
3 9 92 1
8 10 92 1
6 7 92 1
1 7 92 1
2 5 93 1
6 9 93 1
6 7 93 1
4 10 93 1
1 7 93 1
2 3 94 1
4 6 94 1
3 4 94 -1
6 9 94 -1
6 7 94 -1
4 10 95 1
2 8 95 -1
3 10 95 1
2 5 95 1
4 7 95 1
6 8 96 -1
2 10 96 1
7 9 96 1
5 10 96 -1
5 8 96 -1
1 4 97 -1
6 8 97 -1
3 9 97 -1
2 8 97 -1
1 7 97 1
7 10 98 -1
1 3 98 -1
1 5 98 1
5 10 98 1
8 10 98 1
2 3 99 1
1 2 99 -1
3 8 99 -1
4 5 99 -1
5 8 99 1
4 6 100 1
3 8 100 -1
7 8 100 -1
6 9 100 -1
6 10 100 1
