2 5 1 -1
6 9 1 1
2 9 1 1
3 9 1 1
2 3 1 -1
1 6 2 1
3 5 2 1
5 9 2 -1
2 6 2 1
5 7 2 1
2 9 3 1
3 9 3 -1
3 4 3 -1
1 4 3 -1
8 10 3 -1
3 7 4 1
7 9 4 -1
1 4 4 1
1 7 4 1
3 8 4 -1
3 9 5 1
4 7 5 -1
7 10 5 1
4 9 5 -1
2 9 5 -1
6 10 6 1
6 9 6 1
5 8 6 -1
1 7 6 1
5 9 6 -1
7 8 7 -1
3 7 7 1
7 10 7 -1
5 6 7 1
5 7 7 1
7 10 8 -1
3 5 8 1
1 4 8 1
2 10 8 1
3 8 8 -1
2 4 9 -1
3 9 9 1
8 10 9 1
9 10 9 -1
4 10 9 1
3 5 10 1
4 9 10 -1
2 10 10 1
3 10 10 1
1 4 10 1
4 5 11 1
8 10 11 -1
3 10 11 -1
6 7 11 1
5 6 11 -1
2 6 12 -1
1 4 12 1
2 3 12 1
2 4 12 1
4 9 12 -1
1 6 13 1
3 10 13 1
7 10 13 1
3 5 13 1
5 7 13 -1
5 7 14 1
4 6 14 -1
8 9 14 -1
6 9 14 -1
2 4 14 -1
5 7 15 -1
5 6 15 1
3 7 15 -1
5 10 15 1
9 10 15 1
2 6 16 -1
1 10 16 1
3 5 16 1
2 8 16 -1
1 7 16 1
3 7 17 1
4 9 17 -1
2 9 17 1
1 9 17 1
2 5 17 -1
1 8 18 -1
7 9 18 -1
6 9 18 -1
5 10 18 1
5 8 18 -1
1 10 19 1
5 9 19 1
3 10 19 1
2 4 19 -1
1 8 19 -1
2 7 20 1
2 3 20 -1
9 10 20 1
4 8 20 -1
4 7 20 -1
7 8 21 -1
3 10 21 1
6 8 21 -1
5 10 21 1
2 7 21 1
1 10 22 1
2 10 22 1
6 7 22 1
7 9 22 -1
4 6 22 -1
2 6 23 -1
1 10 23 -1
2 3 23 -1
2 10 23 -1
3 6 23 -1
1 3 24 1
2 9 24 1
1 9 24 1
2 7 24 1
2 10 24 1
2 5 25 1
6 10 25 1
1 4 25 -1
1 3 25 -1
4 8 25 -1
2 7 26 -1
3 4 26 1
6 9 26 1
3 9 26 1
1 6 26 1
2 6 27 1
6 10 27 1
3 7 27 1
1 5 27 -1
2 8 27 -1
3 9 28 1
6 8 28 -1
3 4 28 1
7 8 28 -1
6 10 28 1
8 10 29 1
4 10 29 1
4 7 29 -1
1 3 29 -1
2 4 29 -1
4 8 30 1
5 9 30 -1
2 4 30 -1
7 9 30 -1
2 10 30 1
9 10 31 1
1 9 31 -1
4 9 31 1
6 8 31 -1
5 10 31 -1
4 8 32 -1
4 7 32 -1
3 10 32 1
6 8 32 -1
5 6 32 -1
1 3 33 -1
4 5 33 -1
1 6 33 -1
3 10 33 1
3 7 33 1
8 9 34 1
2 9 34 -1
5 10 34 -1
1 5 34 1
3 8 34 1
9 10 35 1
4 10 35 1
8 10 35 1
5 7 35 1
4 8 35 -1
2 8 36 1
4 8 36 1
9 10 36 1
1 6 36 -1
7 8 36 1
3 5 37 -1
3 6 37 1
1 10 37 1
6 10 37 -1
7 10 37 1
4 8 38 -1
2 7 38 1
4 6 38 1
2 3 38 -1
8 10 38 1
1 5 39 -1
7 8 39 -1
1 4 39 1
4 10 39 -1
4 6 39 -1
3 8 40 -1
5 9 40 1
7 9 40 -1
5 8 40 -1
2 4 40 1
2 8 41 1
1 5 41 1
8 9 41 -1
1 3 41 1
9 10 41 -1
5 8 42 -1
3 7 42 1
2 9 42 1
6 7 42 -1
5 10 42 -1
8 9 43 1
1 2 43 -1
6 9 43 1
2 7 43 1
5 7 43 1
6 7 44 1
9 10 44 1
3 8 44 1
1 8 44 1
2 3 44 1
1 2 45 1
2 10 45 -1
3 9 45 1
9 10 45 1
6 9 45 1
2 7 46 1
1 2 46 1
6 10 46 -1
2 3 46 -1
9 10 46 1
3 6 47 1
2 9 47 1
2 8 47 1
6 8 47 -1
1 2 47 1
4 10 48 1
4 8 48 -1
1 9 48 -1
3 8 48 -1
1 2 48 -1
5 7 49 -1
8 10 49 1
4 5 49 1
4 7 49 1
3 5 49 1
7 8 50 -1
6 7 50 -1
6 10 50 -1
2 6 50 1
1 7 50 1
1 4 51 1
1 5 51 -1
7 8 51 -1
3 4 51 -1
2 5 51 1
2 9 52 -1
2 7 52 1
6 7 52 1
2 3 52 -1
3 6 52 -1
3 9 53 1
4 7 53 -1
2 8 53 1
2 7 53 1
7 8 53 -1
1 3 54 -1
4 7 54 1
2 3 54 -1
2 9 54 1
3 8 54 1
6 10 55 -1
4 5 55 -1
1 2 55 -1
1 8 55 -1
3 9 55 1
1 10 56 1
1 4 56 1
1 9 56 1
2 3 56 1
3 7 56 1
4 6 57 -1
4 9 57 1
1 7 57 1
3 6 57 -1
1 10 57 1
3 7 58 -1
1 2 58 -1
1 7 58 -1
9 10 58 1
3 8 58 1
3 6 59 1
4 10 59 1
5 6 59 -1
5 8 59 -1
4 9 59 1
1 2 60 -1
8 10 60 1
7 8 60 -1
1 3 60 -1
1 8 60 -1
2 5 61 1
2 3 61 1
6 8 61 -1
4 8 61 -1
1 3 61 -1
2 3 62 1
6 9 62 1
2 6 62 -1
5 9 62 1
1 7 62 1
1 3 63 -1
2 8 63 1
1 7 63 1
2 5 63 -1
3 10 63 -1
4 5 64 1
7 9 64 1
3 8 64 -1
8 10 64 1
6 10 64 1
5 10 65 -1
8 9 65 1
2 4 65 -1
1 7 65 -1
4 7 65 -1
4 5 66 -1
1 7 66 1
2 3 66 -1
5 7 66 1
8 10 66 1
1 2 67 1
6 7 67 -1
1 5 67 -1
1 8 67 1
5 10 67 1
7 8 68 -1
2 9 68 1
7 10 68 1
2 3 68 1
1 10 68 1
4 6 69 1
2 3 69 1
1 3 69 1
7 10 69 -1
6 9 69 -1
5 9 70 1
6 10 70 1
8 9 70 1
3 4 70 -1
2 6 70 1
3 5 71 1
6 7 71 -1
4 6 71 1
8 10 71 1
2 4 71 -1
1 9 72 1
1 6 72 -1
3 7 72 1
7 10 72 -1
3 8 72 -1
2 7 73 1
2 10 73 1
7 10 73 1
1 4 73 1
6 9 73 -1
7 9 74 -1
4 8 74 -1
4 5 74 1
8 10 74 1
3 9 74 1
2 8 75 -1
5 6 75 1
2 9 75 -1
4 7 75 1
6 9 75 1
4 9 76 -1
9 10 76 1
2 6 76 -1
5 8 76 -1
4 10 76 -1
4 8 77 -1
2 7 77 1
4 5 77 1
6 9 77 -1
2 10 77 1
5 8 78 1
4 10 78 1
7 8 78 1
5 10 78 1
4 9 78 1
2 9 79 1
3 4 79 -1
3 7 79 -1
7 8 79 -1
1 9 79 1
4 6 80 -1
1 9 80 -1
2 7 80 1
5 10 80 1
5 6 80 -1
5 7 81 -1
7 10 81 1
3 8 81 -1
6 10 81 1
3 10 81 1
4 6 82 -1
6 8 82 1
6 9 82 1
1 9 82 1
1 10 82 1
2 6 83 -1
7 9 83 -1
5 7 83 1
1 9 83 -1
2 9 83 -1
1 2 84 -1
2 5 84 1
2 10 84 1
8 10 84 1
3 8 84 -1
4 7 85 -1
8 10 85 1
1 6 85 -1
2 8 85 -1
3 8 85 -1
4 5 86 1
4 10 86 1
5 8 86 -1
6 10 86 -1
2 7 86 1
8 9 87 1
4 9 87 1
9 10 87 -1
2 6 87 1
3 6 87 1
2 5 88 1
6 8 88 -1
8 10 88 1
9 10 88 1
1 7 88 1
1 2 89 1
1 7 89 -1
2 8 89 -1
7 10 89 1
6 10 89 1
1 4 90 -1
1 6 90 -1
1 10 90 1
8 9 90 1
5 8 90 -1
3 10 91 1
7 8 91 -1
1 3 91 -1
8 10 91 1
2 8 91 -1
9 10 92 1
3 4 92 1
5 7 92 1
1 4 92 1
7 9 92 1
3 8 93 1
1 2 93 1
3 9 93 1
3 5 93 1
5 8 93 -1
5 9 94 -1
4 6 94 1
8 9 94 -1
2 10 94 1
1 10 94 1
9 10 95 1
2 10 95 -1
3 8 95 1
1 5 95 1
1 4 95 1
5 6 96 -1
8 9 96 1
6 8 96 -1
5 9 96 -1
7 8 96 1
5 9 97 -1
7 8 97 -1
2 7 97 1
1 8 97 -1
9 10 97 1
3 8 98 1
2 3 98 -1
1 9 98 1
3 5 98 1
7 10 98 -1
5 9 99 1
1 10 99 1
4 7 99 1
5 10 99 1
5 7 99 1
7 9 100 -1
3 9 100 1
4 6 100 1
1 10 100 1
1 8 100 -1
