1 5 1 -1
5 9 1 1
2 4 1 1
4 8 1 -1
5 8 1 -1
2 6 2 1
2 5 2 1
8 10 2 1
6 10 2 -1
5 9 2 -1
2 8 3 1
1 8 3 1
2 9 3 1
8 10 3 -1
4 9 3 1
4 9 4 -1
1 9 4 1
1 7 4 1
6 8 4 -1
8 10 4 1
4 7 5 -1
1 5 5 1
1 8 5 -1
4 9 5 -1
3 6 5 -1
7 9 6 -1
3 8 6 -1
9 10 6 1
5 6 6 -1
1 2 6 1
9 10 7 1
3 8 7 -1
1 5 7 -1
1 6 7 -1
3 5 7 -1
7 8 8 -1
3 9 8 1
1 2 8 1
4 5 8 1
1 5 8 1
1 5 9 1
4 9 9 1
1 7 9 -1
2 9 9 1
1 10 9 1
1 3 10 -1
5 6 10 -1
3 7 10 1
1 5 10 1
7 8 10 -1
7 10 11 -1
1 3 11 1
5 10 11 -1
3 10 11 -1
2 5 11 1
2 9 12 1
1 9 12 1
1 10 12 1
3 6 12 -1
4 10 12 -1
9 10 13 1
1 6 13 1
6 7 13 -1
1 2 13 -1
3 8 13 1
1 2 14 1
2 8 14 -1
3 9 14 -1
4 7 14 1
2 5 14 -1
1 8 15 -1
7 8 15 1
4 10 15 1
1 7 15 -1
1 3 15 1
4 8 16 1
3 7 16 1
7 8 16 -1
1 9 16 1
3 5 16 1
2 6 17 1
5 7 17 1
9 10 17 1
5 8 17 1
2 4 17 1
6 7 18 -1
3 6 18 1
1 8 18 -1
4 10 18 1
2 4 18 1
1 7 19 1
1 8 19 -1
1 5 19 -1
3 8 19 -1
2 8 19 -1
1 2 20 -1
7 8 20 -1
8 10 20 1
6 7 20 1
4 5 20 -1
6 9 21 -1
3 10 21 1
2 4 21 1
6 7 21 1
5 9 21 -1
8 10 22 1
2 10 22 1
3 9 22 1
4 8 22 -1
4 9 22 -1
3 10 23 1
3 6 23 -1
1 9 23 -1
1 7 23 -1
2 3 23 -1
3 5 24 -1
8 10 24 -1
1 7 24 1
3 6 24 1
5 6 24 1
3 7 25 1
4 10 25 -1
2 9 25 1
7 10 25 1
5 6 25 -1
2 5 26 -1
5 6 26 -1
4 7 26 -1
4 10 26 1
1 8 26 -1
5 8 27 -1
1 6 27 -1
2 5 27 1
2 9 27 1
1 9 27 -1
2 5 28 -1
7 8 28 -1
1 9 28 1
8 10 28 1
9 10 28 1
5 10 29 1
6 7 29 -1
3 4 29 1
7 8 29 -1
2 8 29 -1
6 10 30 1
9 10 30 1
3 6 30 -1
4 9 30 -1
3 7 30 1
2 7 31 -1
7 10 31 1
4 7 31 1
2 9 31 -1
6 10 31 -1
3 6 32 1
2 10 32 -1
1 6 32 1
3 8 32 -1
1 2 32 1
4 9 33 1
3 10 33 1
4 7 33 -1
2 5 33 -1
5 6 33 -1
2 10 34 1
1 7 34 1
3 8 34 1
6 7 34 -1
1 6 34 1
1 5 35 -1
4 8 35 -1
4 9 35 -1
6 7 35 1
5 6 35 1
2 4 36 -1
2 9 36 1
3 5 36 1
1 9 36 -1
5 9 36 -1
3 5 37 -1
5 10 37 1
6 10 37 -1
3 6 37 1
1 9 37 1
8 10 38 1
4 7 38 1
1 8 38 -1
5 10 38 1
5 7 38 1
9 10 39 -1
6 9 39 1
3 4 39 1
5 10 39 1
2 8 39 -1
9 10 40 1
6 10 40 1
1 5 40 1
1 2 40 1
4 9 40 -1
1 6 41 1
2 10 41 -1
4 7 41 1
6 10 41 1
4 9 41 1
2 4 42 1
4 9 42 1
5 10 42 -1
6 8 42 -1
4 8 42 -1
1 4 43 1
2 4 43 1
3 10 43 1
4 8 43 -1
6 8 43 -1
7 8 44 -1
4 5 44 1
4 9 44 1
7 9 44 -1
2 7 44 1
5 10 45 1
1 6 45 -1
1 4 45 1
7 10 45 1
8 10 45 1
7 8 46 -1
5 8 46 -1
2 10 46 1
3 4 46 -1
4 8 46 -1
8 9 47 1
2 4 47 1
4 8 47 -1
2 6 47 1
4 5 47 -1
2 4 48 1
4 10 48 1
2 10 48 1
7 8 48 -1
5 8 48 -1
1 9 49 1
8 10 49 1
5 6 49 1
1 6 49 1
1 4 49 1
6 8 50 -1
1 3 50 -1
2 9 50 1
2 3 50 1
3 5 50 1
4 7 51 1
4 9 51 -1
1 4 51 1
5 10 51 1
5 9 51 1
4 5 52 -1
1 3 52 1
1 8 52 -1
7 9 52 -1
2 7 52 1
4 7 53 -1
1 6 53 -1
1 3 53 1
3 8 53 -1
1 2 53 -1
3 8 54 1
2 5 54 1
8 10 54 1
4 6 54 -1
9 10 54 1
5 9 55 -1
4 7 55 -1
2 8 55 -1
2 10 55 1
2 6 55 1
5 6 56 -1
2 5 56 1
3 10 56 1
4 6 56 -1
3 5 56 -1
2 7 57 1
2 10 57 1
6 8 57 1
1 9 57 1
4 6 57 -1
6 7 58 1
2 6 58 -1
3 8 58 1
1 3 58 -1
2 3 58 -1
8 10 59 1
6 10 59 1
3 6 59 1
6 9 59 -1
7 9 59 1
4 6 60 1
1 9 60 -1
3 7 60 1
6 10 60 1
8 9 60 1
1 6 61 -1
4 10 61 1
3 8 61 -1
2 3 61 1
8 10 61 1
3 8 62 -1
4 7 62 1
2 3 62 1
4 5 62 -1
5 7 62 1
4 10 63 1
3 4 63 -1
5 6 63 1
1 6 63 1
6 7 63 -1
1 5 64 1
1 4 64 1
1 8 64 1
2 5 64 -1
3 4 64 1
2 5 65 1
6 7 65 1
2 7 65 -1
2 3 65 -1
4 6 65 -1
2 3 66 -1
4 5 66 -1
3 8 66 -1
4 8 66 -1
6 9 66 1
5 7 67 1
6 8 67 -1
1 7 67 1
1 10 67 1
7 8 67 -1
6 8 68 -1
4 8 68 -1
3 5 68 -1
7 8 68 -1
9 10 68 1
4 10 69 1
2 3 69 1
5 6 69 1
1 5 69 -1
3 5 69 -1
3 7 70 1
5 8 70 -1
6 10 70 1
8 10 70 1
3 6 70 1
6 7 71 -1
2 7 71 -1
1 6 71 1
1 5 71 1
5 6 71 -1
6 8 72 1
6 9 72 1
2 3 72 -1
3 10 72 1
1 4 72 1
1 3 73 -1
6 7 73 -1
5 7 73 -1
5 10 73 1
4 8 73 -1
2 7 74 -1
1 3 74 1
6 8 74 -1
4 10 74 1
8 10 74 1
5 10 75 1
1 4 75 1
1 6 75 -1
2 4 75 1
2 8 75 -1
7 10 76 1
2 4 76 1
1 10 76 -1
1 6 76 -1
8 10 76 1
7 8 77 -1
5 10 77 -1
1 5 77 1
5 7 77 -1
1 9 77 -1
5 7 78 1
3 8 78 -1
1 9 78 1
7 10 78 1
6 9 78 1
7 10 79 1
8 9 79 1
2 5 79 -1
2 6 79 1
6 9 79 1
6 9 80 1
7 8 80 -1
2 6 80 -1
4 6 80 -1
1 9 80 -1
3 7 81 -1
4 10 81 1
1 6 81 1
2 10 81 1
2 9 81 1
6 8 82 1
2 7 82 -1
6 7 82 1
1 6 82 -1
3 9 82 1
1 4 83 -1
7 8 83 -1
3 8 83 -1
4 10 83 1
4 8 83 -1
7 8 84 -1
3 8 84 -1
4 7 84 -1
2 10 84 1
3 10 84 1
7 8 85 -1
2 7 85 1
2 4 85 1
1 5 85 -1
6 8 85 -1
2 5 86 1
5 6 86 1
1 9 86 1
8 9 86 1
6 8 86 -1
3 5 87 1
3 4 87 -1
1 10 87 1
2 4 87 -1
1 3 87 -1
3 7 88 1
5 9 88 1
4 6 88 -1
1 8 88 1
2 7 88 1
7 9 89 -1
6 8 89 -1
8 10 89 1
2 7 89 -1
1 8 89 -1
5 9 90 -1
2 9 90 -1
4 10 90 1
3 6 90 -1
2 10 90 -1
5 6 91 -1
4 5 91 -1
7 8 91 -1
4 6 91 -1
8 9 91 1
6 9 92 1
1 3 92 -1
1 7 92 1
4 10 92 1
8 10 92 1
7 10 93 1
4 10 93 1
2 9 93 1
7 8 93 -1
8 10 93 1
1 9 94 1
3 7 94 -1
5 10 94 1
4 8 94 1
2 10 94 1
2 10 95 -1
2 9 95 -1
7 9 95 -1
3 6 95 1
4 9 95 -1
8 9 96 1
3 5 96 1
3 9 96 1
1 8 96 -1
7 10 96 1
2 10 97 1
4 10 97 1
1 8 97 -1
7 10 97 1
9 10 97 1
8 10 98 1
1 6 98 1
5 8 98 -1
5 7 98 1
6 7 98 1
3 5 99 -1
7 10 99 1
7 9 99 -1
5 9 99 1
4 6 99 -1
2 3 100 1
2 4 100 1
5 8 100 -1
6 8 100 -1
3 4 100 1
