1 7 1 1
5 9 1 1
3 10 1 1
1 5 1 -1
3 9 1 1
1 3 2 1
1 2 2 1
2 4 2 1
2 3 2 1
4 8 2 1
2 8 3 1
2 7 3 1
6 9 3 -1
2 4 3 1
4 8 3 1
2 8 4 -1
8 10 4 1
2 9 4 1
6 8 4 -1
6 7 4 1
5 10 5 1
2 8 5 -1
2 4 5 1
4 5 5 -1
3 8 5 -1
1 3 6 1
2 6 6 1
6 7 6 1
4 6 6 1
8 10 6 1
4 10 7 1
6 10 7 1
6 8 7 -1
3 9 7 1
1 6 7 -1
7 8 8 -1
3 5 8 1
4 5 8 1
2 10 8 1
1 8 8 1
5 7 9 -1
5 6 9 -1
3 4 9 -1
4 6 9 -1
1 3 9 -1
3 5 10 1
2 6 10 -1
2 3 10 -1
9 10 10 1
2 10 10 1
3 4 11 -1
2 10 11 -1
2 3 11 1
1 4 11 -1
1 9 11 1
6 10 12 1
1 9 12 1
2 9 12 1
4 6 12 -1
4 8 12 -1
4 6 13 1
7 9 13 -1
4 5 13 1
8 10 13 1
2 10 13 1
3 5 14 1
3 7 14 1
4 7 14 1
7 10 14 1
1 9 14 -1
6 7 15 -1
7 8 15 1
6 9 15 -1
3 4 15 1
1 4 15 1
6 10 16 1
2 10 16 1
3 10 16 1
2 7 16 -1
4 10 16 1
2 6 17 1
2 5 17 -1
8 9 17 -1
2 7 17 1
1 4 17 1
9 10 18 1
3 8 18 -1
1 9 18 -1
3 4 18 1
1 5 18 1
1 7 19 1
6 9 19 1
2 8 19 -1
1 4 19 1
5 9 19 1
2 9 20 1
6 8 20 -1
5 9 20 -1
1 3 20 -1
5 6 20 -1
4 5 21 -1
6 8 21 -1
1 10 21 1
2 8 21 1
1 2 21 -1
4 9 22 -1
7 9 22 -1
3 8 22 -1
1 10 22 1
7 8 22 -1
6 9 23 1
1 6 23 -1
3 7 23 1
3 8 23 -1
5 6 23 -1
1 4 24 -1
8 10 24 -1
1 10 24 1
3 8 24 -1
5 6 24 1
8 9 25 1
2 4 25 1
4 6 25 -1
5 10 25 -1
1 2 25 -1
3 7 26 1
4 10 26 1
1 6 26 1
1 10 26 1
7 10 26 1
2 9 27 1
2 8 27 -1
7 10 27 1
1 10 27 -1
3 7 27 1
4 5 28 -1
6 9 28 1
7 10 28 1
3 8 28 -1
6 7 28 1
2 5 29 -1
2 8 29 -1
3 7 29 -1
4 7 29 -1
5 8 29 -1
1 2 30 1
7 9 30 -1
2 5 30 -1
5 10 30 1
4 8 30 1
5 10 31 -1
6 10 31 -1
3 8 31 1
6 8 31 -1
2 8 31 -1
5 7 32 -1
2 10 32 -1
6 8 32 -1
3 9 32 1
1 9 32 1
4 9 33 1
4 6 33 -1
2 5 33 -1
3 7 33 1
6 7 33 1
1 9 34 1
7 8 34 -1
1 8 34 1
3 8 34 1
6 10 34 -1
6 7 35 1
1 5 35 -1
3 6 35 -1
6 8 35 1
3 7 35 1
4 10 36 1
9 10 36 1
1 6 36 -1
5 9 36 -1
6 10 36 1
1 2 37 1
3 10 37 -1
2 4 37 -1
1 9 37 1
5 9 37 1
3 5 38 -1
3 6 38 1
6 7 38 1
8 9 38 1
4 9 38 1
7 10 39 -1
4 8 39 -1
1 4 39 1
3 9 39 1
4 7 39 -1
8 10 40 1
6 7 40 1
5 8 40 -1
3 9 40 1
7 10 40 1
1 2 41 1
4 9 41 1
9 10 41 -1
2 10 41 -1
3 9 41 1
2 6 42 1
2 5 42 1
3 10 42 1
5 6 42 -1
5 9 42 -1
1 3 43 1
8 9 43 1
7 10 43 1
1 7 43 1
5 6 43 -1
2 8 44 1
1 2 44 1
6 7 44 1
3 9 44 -1
3 5 44 1
3 9 45 1
9 10 45 1
5 7 45 1
4 5 45 -1
3 8 45 -1
1 6 46 1
2 3 46 -1
1 9 46 1
2 10 46 1
8 10 46 1
2 4 47 1
1 4 47 1
7 8 47 -1
6 9 47 1
1 6 47 1
5 10 48 1
6 8 48 -1
2 5 48 1
4 8 48 -1
3 5 48 1
3 4 49 -1
2 8 49 -1
1 6 49 1
3 6 49 1
2 10 49 -1
4 6 50 1
1 8 50 -1
7 10 50 1
1 5 50 1
3 7 50 1
3 6 51 -1
6 9 51 1
8 9 51 1
8 10 51 1
5 10 51 1
5 9 52 1
3 4 52 -1
5 10 52 1
2 4 52 -1
4 7 52 1
1 7 53 -1
8 9 53 1
4 6 53 -1
2 9 53 1
1 8 53 -1
6 8 54 1
3 7 54 1
3 10 54 1
2 9 54 1
5 10 54 1
2 6 55 1
4 10 55 -1
3 10 55 1
1 2 55 -1
2 3 55 -1
2 4 56 1
1 4 56 1
5 10 56 1
2 3 56 1
4 10 56 1
1 5 57 1
2 9 57 1
4 9 57 1
2 3 57 1
5 8 57 1
9 10 58 1
5 10 58 -1
1 9 58 -1
3 7 58 -1
6 8 58 1
4 10 59 1
3 10 59 1
2 3 59 -1
6 9 59 -1
8 9 59 1
5 8 60 -1
6 7 60 1
7 8 60 -1
2 6 60 1
1 5 60 -1
3 10 61 1
4 6 61 1
5 7 61 -1
4 8 61 -1
1 2 61 -1
7 8 62 -1
5 7 62 1
3 9 62 -1
3 4 62 -1
2 5 62 -1
1 7 63 1
2 9 63 1
5 6 63 1
5 10 63 1
1 8 63 -1
8 9 64 1
5 6 64 -1
4 8 64 -1
5 8 64 -1
3 5 64 1
7 10 65 1
4 8 65 -1
4 9 65 -1
3 5 65 1
2 3 65 -1
1 4 66 1
7 10 66 -1
3 6 66 -1
2 7 66 1
3 9 66 1
3 4 67 1
6 7 67 -1
1 9 67 1
7 8 67 -1
2 8 67 -1
5 8 68 -1
4 8 68 -1
7 9 68 -1
1 2 68 -1
2 3 68 1
5 9 69 1
3 6 69 1
1 3 69 1
4 9 69 1
4 7 69 1
6 8 70 -1
2 5 70 1
1 8 70 1
3 8 70 -1
3 5 70 1
5 7 71 -1
3 10 71 1
1 8 71 -1
3 6 71 1
5 10 71 -1
1 10 72 1
2 8 72 -1
4 10 72 1
4 5 72 1
4 6 72 -1
3 4 73 1
1 2 73 -1
5 6 73 1
2 4 73 1
4 8 73 -1
5 10 74 -1
8 9 74 1
2 7 74 -1
4 7 74 1
1 6 74 1
8 9 75 1
5 10 75 1
3 9 75 1
4 6 75 -1
5 8 75 1
1 5 76 1
4 9 76 -1
1 10 76 -1
5 10 76 -1
6 9 76 1
2 7 77 1
6 10 77 -1
7 9 77 -1
3 6 77 1
6 9 77 -1
5 7 78 1
3 9 78 1
3 4 78 -1
4 7 78 -1
3 10 78 1
4 8 79 1
4 7 79 1
1 8 79 -1
1 3 79 -1
8 9 79 1
1 2 80 1
3 6 80 -1
1 3 80 -1
4 6 80 -1
2 10 80 1
2 3 81 1
3 9 81 1
8 10 81 1
3 7 81 -1
2 6 81 -1
6 7 82 1
9 10 82 -1
2 5 82 -1
5 9 82 1
6 10 82 1
4 7 83 1
2 5 83 -1
1 6 83 -1
3 4 83 1
7 10 83 1
5 8 84 -1
9 10 84 1
1 9 84 -1
1 8 84 -1
4 7 84 -1
1 7 85 1
1 6 85 -1
2 9 85 -1
7 9 85 -1
2 3 85 1
2 10 86 1
7 9 86 -1
3 5 86 1
4 6 86 1
3 6 86 1
1 2 87 -1
5 8 87 -1
3 10 87 1
1 6 87 1
7 8 87 -1
2 3 88 -1
9 10 88 1
5 6 88 1
6 10 88 1
3 5 88 1
5 7 89 1
3 9 89 1
4 10 89 1
9 10 89 1
2 6 89 -1
1 9 90 -1
5 8 90 -1
2 8 90 -1
2 5 90 -1
1 2 90 1
4 5 91 -1
5 10 91 1
4 7 91 -1
7 9 91 -1
1 2 91 1
5 6 92 -1
2 5 92 -1
5 10 92 1
3 7 92 1
1 2 92 1
4 10 93 1
4 8 93 -1
1 7 93 1
9 10 93 1
3 9 93 1
7 10 94 1
2 3 94 1
4 9 94 1
1 7 94 1
6 10 94 1
1 6 95 1
3 4 95 1
3 5 95 1
4 5 95 1
7 8 95 -1
3 5 96 1
6 7 96 -1
4 8 96 -1
1 3 96 -1
1 7 96 -1
5 10 97 1
7 9 97 -1
7 10 97 1
3 6 97 -1
2 9 97 -1
3 4 98 1
1 2 98 -1
4 6 98 1
5 7 98 1
8 10 98 1
2 10 99 1
7 9 99 -1
5 9 99 1
2 8 99 1
2 3 99 1
5 7 100 1
3 9 100 1
4 10 100 1
5 8 100 -1
2 9 100 1
