1 8 1 -1
2 5 1 -1
2 4 1 1
1 6 1 -1
6 7 1 1
5 6 2 1
4 8 2 1
4 9 2 -1
1 9 2 1
2 8 2 1
5 6 3 1
7 9 3 1
1 6 3 1
1 10 3 1
2 5 3 1
1 8 4 -1
8 9 4 1
5 6 4 -1
1 5 4 1
3 7 4 1
3 4 5 1
2 6 5 -1
6 9 5 1
1 4 5 1
5 6 5 -1
4 7 6 1
4 5 6 1
2 6 6 1
1 7 6 1
3 9 6 1
2 6 7 -1
6 7 7 1
4 5 7 -1
3 10 7 1
1 2 7 1
4 9 8 1
1 8 8 1
3 9 8 1
2 6 8 1
4 8 8 -1
1 7 9 -1
5 6 9 -1
4 8 9 1
2 8 9 -1
1 6 9 -1
1 3 10 -1
1 4 10 1
2 5 10 1
3 10 10 1
3 8 10 -1
5 10 11 -1
3 7 11 1
1 8 11 -1
8 10 11 -1
5 6 11 -1
2 7 12 1
1 9 12 1
4 10 12 -1
1 3 12 1
4 9 12 -1
7 10 13 1
2 8 13 -1
3 7 13 1
4 5 13 1
3 6 13 1
7 9 14 -1
1 6 14 -1
7 10 14 1
5 7 14 1
6 8 14 1
2 3 15 1
8 9 15 1
2 9 15 1
2 6 15 1
4 5 15 -1
9 10 16 1
7 10 16 1
1 5 16 1
6 10 16 1
2 4 16 -1
3 6 17 1
1 9 17 1
3 9 17 -1
1 10 17 1
5 7 17 1
2 3 18 1
6 10 18 1
3 8 18 -1
3 10 18 1
2 5 18 1
2 6 19 -1
4 6 19 -1
2 4 19 -1
3 9 19 1
7 10 19 -1
9 10 20 1
5 7 20 1
4 5 20 -1
2 7 20 1
5 9 20 -1
8 9 21 -1
1 7 21 1
1 3 21 1
2 4 21 1
6 7 21 1
6 8 22 -1
1 5 22 -1
4 5 22 -1
5 8 22 -1
8 10 22 1
8 10 23 1
2 10 23 -1
9 10 23 1
2 5 23 1
6 7 23 1
1 8 24 1
1 9 24 1
2 5 24 -1
2 9 24 1
1 10 24 1
6 8 25 1
2 3 25 1
4 10 25 -1
3 5 25 1
3 4 25 1
3 10 26 1
4 5 26 -1
1 4 26 1
4 7 26 -1
2 6 26 -1
6 8 27 -1
8 9 27 1
5 8 27 -1
8 10 27 1
4 7 27 -1
3 9 28 1
2 10 28 1
3 6 28 1
1 5 28 1
1 9 28 1
7 8 29 -1
2 4 29 -1
1 9 29 1
1 5 29 1
1 4 29 1
2 4 30 -1
1 7 30 1
3 9 30 -1
5 10 30 1
2 7 30 -1
2 4 31 -1
4 8 31 1
8 10 31 1
2 7 31 -1
4 9 31 1
1 9 32 1
2 7 32 -1
1 3 32 1
2 6 32 -1
1 6 32 1
4 10 33 1
7 10 33 1
1 7 33 1
3 6 33 1
5 8 33 -1
5 10 34 -1
1 9 34 1
4 9 34 1
5 8 34 -1
3 4 34 -1
5 6 35 1
5 9 35 1
9 10 35 1
3 7 35 1
3 6 35 -1
4 10 36 1
6 10 36 1
9 10 36 1
7 8 36 1
4 5 36 1
8 10 37 -1
1 4 37 1
4 9 37 1
7 10 37 1
6 7 37 -1
2 6 38 -1
6 8 38 -1
4 10 38 1
9 10 38 1
7 10 38 1
1 5 39 -1
6 9 39 1
1 6 39 -1
5 7 39 1
2 5 39 -1
2 5 40 -1
5 8 40 -1
3 10 40 1
4 9 40 -1
2 10 40 1
3 7 41 1
5 7 41 -1
2 4 41 -1
1 3 41 1
1 7 41 1
5 6 42 -1
2 4 42 1
7 10 42 1
1 5 42 1
1 2 42 1
3 4 43 -1
7 10 43 1
6 10 43 1
3 6 43 -1
5 6 43 -1
6 8 44 -1
4 9 44 1
7 8 44 -1
1 10 44 1
4 10 44 1
2 5 45 -1
2 3 45 -1
3 7 45 1
2 4 45 -1
3 10 45 1
1 8 46 -1
2 5 46 1
1 4 46 1
2 6 46 1
4 6 46 1
6 8 47 -1
6 9 47 1
4 6 47 -1
5 7 47 1
1 8 47 1
8 9 48 1
3 5 48 1
1 2 48 -1
2 3 48 -1
3 4 48 1
8 10 49 1
2 4 49 -1
3 6 49 1
5 6 49 1
3 10 49 1
4 7 50 -1
6 10 50 -1
1 5 50 1
1 7 50 1
5 8 50 -1
3 5 51 -1
1 7 51 1
5 6 51 1
3 8 51 -1
1 2 51 -1
4 8 52 -1
3 5 52 -1
1 6 52 -1
7 10 52 -1
5 10 52 1
2 4 53 1
2 9 53 1
4 10 53 1
2 5 53 1
7 9 53 1
4 10 54 1
1 4 54 -1
3 9 54 1
5 6 54 -1
7 8 54 -1
4 5 55 -1
4 9 55 -1
4 8 55 -1
1 3 55 -1
5 10 55 1
1 2 56 -1
4 7 56 1
3 4 56 -1
4 8 56 -1
2 6 56 1
4 5 57 -1
3 4 57 1
8 10 57 1
1 8 57 1
7 10 57 1
6 9 58 1
5 7 58 -1
2 9 58 -1
3 4 58 -1
7 8 58 1
5 10 59 1
9 10 59 1
4 8 59 1
6 9 59 -1
5 9 59 -1
1 6 60 1
1 4 60 1
1 7 60 1
1 9 60 -1
2 3 60 -1
5 7 61 -1
5 10 61 1
3 7 61 -1
1 9 61 -1
4 5 61 1
2 5 62 -1
5 9 62 1
4 5 62 -1
4 10 62 -1
1 9 62 -1
8 9 63 1
1 2 63 -1
5 7 63 1
7 10 63 -1
3 10 63 -1
2 3 64 -1
2 5 64 -1
3 7 64 -1
2 7 64 -1
1 10 64 1
5 8 65 -1
1 4 65 -1
1 10 65 1
5 10 65 -1
8 9 65 1
3 10 66 1
1 7 66 1
5 6 66 1
5 10 66 1
4 10 66 1
4 6 67 -1
1 8 67 1
4 7 67 -1
5 10 67 1
2 8 67 -1
3 7 68 1
5 6 68 1
5 7 68 1
1 3 68 -1
1 4 68 1
2 3 69 1
4 10 69 1
1 10 69 1
2 5 69 -1
5 9 69 1
4 9 70 1
3 8 70 -1
1 9 70 1
1 3 70 1
7 8 70 -1
3 7 71 1
5 10 71 -1
5 6 71 -1
1 5 71 1
7 8 71 -1
3 9 72 1
6 8 72 1
3 8 72 -1
3 6 72 -1
6 9 72 1
7 9 73 1
7 8 73 -1
2 7 73 1
1 10 73 1
1 4 73 1
3 7 74 1
5 10 74 -1
6 9 74 -1
8 9 74 1
1 10 74 1
7 10 75 1
6 10 75 1
2 8 75 -1
1 5 75 -1
3 6 75 -1
2 7 76 -1
4 10 76 -1
8 10 76 1
2 3 76 -1
1 6 76 -1
8 10 77 1
3 8 77 -1
7 9 77 -1
4 9 77 -1
1 9 77 -1
7 9 78 1
1 6 78 1
9 10 78 1
4 8 78 1
2 9 78 1
7 10 79 1
1 6 79 -1
2 7 79 1
6 8 79 1
4 7 79 1
5 7 80 1
4 7 80 1
2 3 80 -1
1 7 80 1
3 5 80 -1
2 4 81 1
1 8 81 1
4 10 81 1
5 10 81 1
3 7 81 -1
4 7 82 -1
6 7 82 1
1 10 82 1
1 3 82 -1
3 8 82 -1
3 7 83 1
1 7 83 -1
2 5 83 -1
2 10 83 1
3 9 83 1
6 9 84 -1
7 9 84 -1
6 10 84 1
4 9 84 -1
1 6 84 -1
4 9 85 -1
4 10 85 -1
6 7 85 1
2 8 85 -1
5 10 85 1
1 8 86 -1
5 6 86 1
4 5 86 1
3 4 86 1
2 8 86 1
4 7 87 1
1 4 87 -1
3 5 87 1
7 8 87 -1
2 9 87 1
6 8 88 -1
2 9 88 1
1 2 88 -1
7 8 88 -1
1 5 88 1
1 7 89 -1
3 4 89 -1
4 9 89 1
3 6 89 1
7 10 89 1
1 8 90 -1
3 4 90 -1
2 3 90 -1
2 8 90 -1
2 9 90 -1
8 9 91 1
1 5 91 1
5 7 91 1
2 3 91 -1
1 7 91 1
6 9 92 1
1 2 92 1
2 5 92 -1
3 6 92 -1
2 8 92 -1
4 8 93 -1
9 10 93 1
1 5 93 1
7 10 93 1
4 7 93 1
5 10 94 1
7 10 94 1
3 9 94 -1
2 4 94 -1
5 8 94 -1
1 6 95 1
3 10 95 1
6 8 95 -1
1 9 95 1
3 9 95 1
2 4 96 1
5 10 96 -1
1 5 96 1
9 10 96 1
4 5 96 1
1 5 97 1
2 3 97 -1
7 10 97 1
5 8 97 -1
4 5 97 1
3 5 98 1
1 5 98 1
4 7 98 1
5 10 98 1
4 8 98 -1
8 9 99 1
5 6 99 1
1 7 99 1
2 3 99 1
3 8 99 -1
5 10 100 1
3 9 100 1
2 8 100 -1
2 5 100 1
2 7 100 1
