2 3 1 -1
6 10 1 1
3 10 1 1
3 9 1 1
3 4 1 1
2 6 2 1
7 10 2 1
1 2 2 -1
9 10 2 1
2 10 2 1
2 4 3 -1
2 10 3 1
6 8 3 -1
5 9 3 -1
4 5 3 1
6 8 4 1
2 3 4 -1
2 9 4 1
3 6 4 1
2 10 4 -1
1 10 5 -1
4 8 5 1
6 9 5 -1
5 6 5 1
2 4 5 -1
4 10 6 1
5 10 6 1
6 8 6 1
4 5 6 1
5 6 6 1
2 8 7 -1
1 7 7 -1
7 10 7 1
1 10 7 1
2 3 7 -1
4 6 8 1
3 6 8 -1
3 9 8 1
3 5 8 1
7 8 8 -1
7 9 9 -1
1 5 9 -1
1 4 9 -1
1 9 9 -1
2 10 9 -1
5 10 10 1
7 10 10 1
1 5 10 -1
8 10 10 1
1 6 10 -1
1 3 11 1
6 7 11 1
4 5 11 1
3 7 11 1
1 4 11 -1
7 8 12 -1
7 9 12 1
3 8 12 -1
6 7 12 -1
1 4 12 1
4 10 13 1
1 10 13 1
5 9 13 -1
3 10 13 1
4 8 13 -1
1 6 14 -1
2 7 14 1
4 6 14 -1
3 7 14 1
5 6 14 -1
2 8 15 -1
4 7 15 -1
3 10 15 1
6 10 15 1
3 8 15 -1
7 9 16 -1
1 3 16 -1
3 7 16 1
2 4 16 -1
1 4 16 -1
8 9 17 -1
7 9 17 -1
7 10 17 1
3 9 17 1
4 5 17 1
1 3 18 -1
6 10 18 1
7 9 18 1
8 9 18 1
2 9 18 1
4 6 19 -1
7 8 19 1
2 9 19 1
6 10 19 1
1 5 19 1
2 7 20 1
3 8 20 -1
2 5 20 1
9 10 20 1
1 7 20 -1
6 7 21 -1
7 9 21 -1
3 4 21 -1
6 8 21 -1
2 4 21 -1
4 7 22 1
3 5 22 1
4 9 22 1
3 9 22 -1
5 8 22 -1
6 10 23 -1
1 10 23 -1
8 10 23 -1
1 6 23 -1
3 7 23 1
1 3 24 -1
1 9 24 -1
4 5 24 1
2 3 24 1
3 8 24 1
7 8 25 -1
6 9 25 -1
3 7 25 -1
2 9 25 1
1 6 25 -1
5 7 26 1
3 8 26 -1
7 9 26 -1
1 2 26 1
4 5 26 -1
7 8 27 1
4 6 27 -1
6 7 27 -1
3 6 27 1
3 10 27 1
5 8 28 -1
4 10 28 1
7 10 28 1
9 10 28 1
4 5 28 1
5 7 29 1
8 10 29 -1
3 6 29 1
7 8 29 1
6 7 29 1
6 9 30 1
1 3 30 -1
9 10 30 1
2 10 30 1
5 6 30 -1
1 8 31 -1
4 5 31 1
2 9 31 -1
6 9 31 -1
1 5 31 1
2 8 32 -1
2 10 32 -1
5 6 32 1
1 5 32 -1
3 8 32 -1
2 5 33 1
8 9 33 1
7 8 33 -1
8 10 33 1
6 8 33 1
4 9 34 1
6 8 34 -1
2 4 34 -1
7 8 34 1
1 6 34 -1
7 8 35 1
3 10 35 1
8 9 35 1
4 6 35 -1
2 10 35 -1
1 5 36 -1
3 9 36 1
1 10 36 1
8 9 36 1
1 8 36 1
1 4 37 -1
3 10 37 1
1 3 37 -1
3 7 37 1
6 10 37 1
4 10 38 1
5 8 38 -1
1 4 38 1
3 5 38 -1
8 9 38 1
3 8 39 -1
8 10 39 -1
4 6 39 1
2 3 39 -1
2 4 39 -1
3 4 40 -1
1 8 40 -1
3 7 40 -1
1 5 40 1
1 3 40 -1
4 5 41 -1
6 7 41 1
5 7 41 1
5 9 41 1
6 8 41 1
5 10 42 1
1 4 42 -1
6 9 42 1
1 10 42 -1
2 9 42 -1
5 6 43 -1
5 8 43 -1
2 9 43 -1
7 10 43 1
3 7 43 1
2 7 44 1
1 9 44 -1
8 9 44 -1
4 9 44 -1
6 7 44 -1
4 10 45 1
4 6 45 -1
7 8 45 -1
2 5 45 1
1 3 45 1
3 10 46 1
4 6 46 -1
4 7 46 -1
1 7 46 -1
3 8 46 1
2 3 47 1
2 5 47 1
2 4 47 -1
5 6 47 -1
6 7 47 -1
2 6 48 -1
9 10 48 -1
3 5 48 -1
4 8 48 1
2 7 48 -1
2 10 49 -1
2 9 49 -1
7 10 49 -1
4 10 49 -1
3 6 49 1
3 10 50 -1
1 6 50 -1
2 4 50 -1
4 8 50 1
5 8 50 1
7 10 51 -1
6 8 51 -1
4 9 51 -1
1 3 51 -1
2 3 51 1
1 7 52 -1
4 7 52 -1
1 5 52 -1
5 7 52 -1
3 7 52 -1
1 10 53 1
5 7 53 -1
4 8 53 -1
4 9 53 1
1 3 53 -1
4 10 54 1
3 4 54 -1
7 10 54 1
2 7 54 1
6 9 54 -1
8 10 55 1
1 4 55 -1
2 4 55 -1
2 6 55 -1
2 3 55 1
1 7 56 -1
4 7 56 -1
2 7 56 -1
5 6 56 1
9 10 56 1
1 3 57 -1
2 6 57 -1
2 10 57 1
2 5 57 -1
4 7 57 1
2 4 58 1
1 10 58 1
2 6 58 1
3 10 58 1
7 9 58 -1
9 10 59 1
3 5 59 1
8 9 59 1
2 9 59 -1
2 7 59 -1
5 7 60 1
5 6 60 1
2 8 60 -1
3 5 60 -1
4 7 60 1
5 9 61 -1
2 4 61 -1
1 8 61 -1
1 10 61 1
3 9 61 1
6 8 62 -1
1 2 62 1
1 5 62 -1
1 10 62 -1
6 7 62 -1
3 4 63 -1
6 10 63 1
8 9 63 1
1 2 63 -1
2 8 63 -1
1 2 64 -1
5 10 64 1
1 4 64 -1
2 10 64 1
3 4 64 -1
6 9 65 1
6 7 65 -1
1 10 65 1
8 10 65 1
2 8 65 -1
1 4 66 -1
4 9 66 1
5 6 66 -1
4 5 66 1
4 8 66 1
4 10 67 1
4 6 67 1
5 7 67 -1
1 7 67 -1
6 9 67 1
4 7 68 -1
4 9 68 -1
9 10 68 -1
4 6 68 -1
7 9 68 -1
5 9 69 1
4 9 69 1
6 8 69 -1
3 4 69 1
2 4 69 1
5 6 70 -1
7 9 70 1
3 8 70 1
1 3 70 -1
4 6 70 1
2 4 71 -1
2 10 71 1
6 9 71 -1
6 10 71 -1
4 7 71 -1
5 7 72 -1
4 10 72 1
8 9 72 1
4 5 72 1
3 6 72 -1
4 5 73 -1
5 10 73 1
3 8 73 -1
1 5 73 -1
2 3 73 -1
5 7 74 1
7 9 74 1
9 10 74 1
4 10 74 1
3 7 74 1
1 6 75 -1
3 6 75 1
6 7 75 1
5 10 75 -1
5 9 75 1
3 6 76 1
4 8 76 1
1 3 76 -1
5 9 76 1
6 9 76 1
2 6 77 1
2 5 77 1
1 3 77 1
3 10 77 1
5 8 77 -1
4 6 78 -1
4 9 78 -1
1 10 78 1
6 9 78 1
3 5 78 1
4 9 79 1
2 3 79 -1
8 10 79 -1
2 9 79 -1
1 3 79 -1
5 7 80 -1
4 7 80 1
1 9 80 -1
2 5 80 1
3 6 80 -1
4 5 81 -1
4 10 81 -1
2 3 81 -1
7 9 81 -1
6 8 81 1
3 10 82 1
3 9 82 -1
3 8 82 -1
6 7 82 1
4 7 82 1
7 10 83 -1
3 5 83 1
6 8 83 -1
6 9 83 -1
4 6 83 -1
6 9 84 1
6 7 84 1
4 10 84 1
3 7 84 1
2 8 84 -1
2 8 85 -1
1 8 85 -1
1 10 85 -1
8 9 85 1
4 7 85 1
5 9 86 -1
6 7 86 1
4 10 86 1
4 9 86 1
4 8 86 -1
8 9 87 -1
5 9 87 1
7 9 87 1
2 9 87 1
1 6 87 -1
3 6 88 -1
6 10 88 1
5 7 88 -1
1 7 88 -1
1 9 88 1
1 2 89 1
3 6 89 1
6 9 89 -1
5 7 89 1
2 6 89 -1
2 5 90 1
8 10 90 1
3 6 90 -1
1 3 90 1
7 9 90 -1
2 3 91 -1
6 7 91 1
2 4 91 -1
5 6 91 1
3 8 91 -1
2 7 92 1
2 5 92 -1
1 5 92 -1
2 8 92 -1
2 10 92 -1
7 10 93 1
1 3 93 1
1 7 93 -1
7 8 93 1
6 10 93 1
5 6 94 -1
6 10 94 1
3 10 94 1
6 7 94 1
3 4 94 -1
3 10 95 -1
2 3 95 -1
4 10 95 -1
1 10 95 -1
2 10 95 -1
4 5 96 1
2 3 96 -1
5 6 96 -1
6 10 96 1
3 5 96 1
2 10 97 1
6 9 97 -1
5 9 97 -1
3 9 97 -1
4 7 97 1
5 7 98 1
7 10 98 -1
1 6 98 -1
5 10 98 1
1 4 98 -1
3 6 99 -1
5 6 99 -1
3 7 99 -1
3 9 99 1
5 10 99 1
4 8 100 1
1 7 100 1
3 5 100 -1
7 9 100 -1
4 7 100 1
