1.50586309318281 -1.71221001731466
-0.997167556954226 1.10713318599094
0.525413338072116 -1.12700500337898
-1.2971151968605 1.18846589452039
-0.806371257431643 -1.15454292149657
-0.394512355960724 0.91459015134563
-1.68566533284592 0.06560345912432
-0.407420067873385 -0.787441207800207
1.28064665576192 -0.543160270641227
-0.553047298432569 0.710401816909229
-0.0620763009398689 0.317087584661686
0.344906136667572 -0.106074125242352
-0.0223735686836809 -0.566808064969808
-1.0869741137538 1.62063639229185
1.13405444173947 0.50521110497787
0.583585899869159 -1.0520436101934
1.01927677678065 -0.494741658468731
-1.35812311878693 0.0450959593285026
0.774957449501949 1.32673962742138
-0.307354391575878 -1.20319484813356
1.11179057581921 -0.933708415640646
0.509431454934074 -1.16744180976307
0.980107838822165 0.396109139104845
0.1837231728177 0.00566880793107024
0.102951645764092 -1.08038786358423
1.00235938954561 -0.319685128170003
-1.65122915188128 0.285400566320774
-0.0788773684834166 -0.661889134506198
0.804758397346131 -0.0659369566542948
0.667641696099433 1.52210820972083
-0.0775279031076869 -1.57256167003331
1.25126633209784 0.120764574205842
-0.214437910846464 -0.198628876806837
-0.88404816482285 1.40769127945201
-1.48721140619766 1.31996953005111
-1.38748992146344 -1.16656699283314
-0.636453475894738 0.873614438756211
0.0645509812245867 -0.336062189673462
0.561202046879068 0.197289917538496
-0.322749699042533 -1.45433626857747
1.43024415607856 -1.32824535844135
-0.714978889780664 1.47291023811324
-0.141800483778183 1.31235494602639
-0.58060187985268 -1.16668300361636
0.522630628655472 0.109340561620435
-0.83825446075344 1.48884374444173
-0.0743214401007948 -0.603737507495225
0.922527224312907 -1.1750418670336
-1.44021093543589 1.55783392463056
1.30015122557671 -0.130399008591727
-0.557467695932861 -0.967278020186572
1.17585586532898 -1.72505598064176
-0.531103972832461 0.412895289524477
-0.575820530700705 -0.337729392611536
-0.0819216901365336 1.38575361259974
1.35861488865509 0.020375791955789
1.26210894866959 0.78457426321164
-0.381087400136017 -1.63683438055819
0.960667080745301 -0.417724883211958
1.59562754812413 -0.392327998637544
-0.226346184328755 -0.561805487490227
0.736172441776409 -0.469621842835994
-0.346429668224171 0.480664778758852
-0.604997892759137 -1.61803223266202
0.890576004713203 0.679631062438709
-1.02990423914538 1.09314636715647
0.731345367748031 0.0257135187777146
-1.31049762738872 -1.34201851034517
-0.881653649863758 1.40754520374794
-1.23562987534961 -0.300202672315936
-0.901950163697831 -0.0909126177827014
-1.52789613606845 0.740327636284041
0.492900986196055 -0.894184356573265
1.3034347874099 -0.69406522561538
0.966188784622315 0.708335415765478
1.02990798395243 0.941109626318558
-0.154933837454626 -1.68410646153795
-0.311477876609231 0.177756749108955
1.07688611008046 0.528141056170795
0.363499580329154 1.49531655591287
0.535979409152501 0.659536213279486
-0.508539567394372 -0.852975651332399
-0.795842199691818 -0.308172125806266
1.70670765206323 -1.30634350397818
0.462434232951712 -1.27490524874148
-0.993476162001676 0.485383018677089
-1.28389184763912 -0.532004836456081
-0.0758013526804523 -0.267578970703376
1.46903705588616 1.52215701238825
0.342118025792217 -0.402219502775885
1.64950367335768 -0.940208686072782
0.802952814794628 0.65914470309896
-0.496312535258692 -1.69790197985233
-0.237382099242492 0.644776331738029
-1.21863090084304 1.01039043918374
-1.68674875722456 0.0259582063897886
0.746742757724227 -0.664843375926726
-1.37461012985781 0.821727432753492
-0.186076474735544 -0.676486240746359
0.485324256742509 0.951618857470651
1.70377895808255 -1.3436777736148
-0.0152642940653234 1.03141443199447
-0.0542148379094162 -0.0311728707705105
-1.13122893521933 1.15326238702532
0.882725645442954 0.895204068419519
-0.159710710259602 1.39307655092255
0.0386932660019924 -0.767506308601102
-1.01309344542734 -0.188125486682667
-0.939955766014976 -0.789760658049606
0.331556081016561 -0.589180202835548
0.259364902996931 1.25954961219437
-1.46509196336255 -1.35149169380739
-1.60893462842431 -0.338592031457986
0.494658095152132 -0.325365419745859
1.48476660532752 -0.220042315839187
0.339802118712614 -1.11890448809437
0.210966379540597 -0.811534392202746
0.0901626804488896 0.552697459413128
1.68041914852993 1.09484838478251
0.0264720490846655 -0.273025438882306
0.633196478559703 -1.17757179269922
0.351749096062187 -0.732275999482465
-0.904585435149129 1.04660558577604
-0.837737804009072 -1.16308707583723
0.794351836656654 1.00387148181762
-0.164299459541037 0.0838831165071509
-1.12539388624587 -0.623417037953734
0.854587874244194 -0.778809413037708
-1.36836295289152 1.04580548190043
1.26282074672043 -1.3716996074263
0.397141831550846 1.17128988976535
0.198006450838562 -1.45747615902918
-0.593132765616068 0.753664036253785
-0.162357435513373 1.263073202206
0.00152757398023064 1.65777426159901
-1.10551135385426 -0.86905230962481
0.102643419027659 -1.64593084998145
-1.47128797527938 -0.959631554086084
-0.769876032663313 -1.30934207736497
-0.995238059439218 -0.39754229361882
-0.745507642447308 -1.43992147467524
1.36864612015025 -0.753158392129582
-0.186246303307921 0.230648403042091
0.969896108917788 -0.593946887313446
1.31850301344394 1.5362413647747
-0.300946566178025 -0.425033095562967
-1.51101174717301 1.57033134506247
-0.569888045767699 -0.785475107478084
0.775009413034935 0.648930696306731
-0.562516985504832 -1.25749727645878
0.451767772329308 1.07460163502228
1.17992342667371 0.909689337767579
1.23367627492402 -0.19951550806665
-0.376342490061707 -0.15007979646014
-0.413981323895718 0.625114764739043
1.36986313888706 -1.47432889087603
0.499924467389804 0.507938015720991
0.835120936393055 1.00429194226826
0.364781839202181 -0.958459735968822
1.39631566142022 -1.59021666408091
-0.714539702875133 -0.399589790866904
-1.06950635199308 -0.540080621334978
1.33870533687168 -0.185784299937483
0.011568317914403 -0.392021400323559
1.30616564379077 1.44909576639925
-1.07666487449391 -1.12923635428015
0.89409520064584 -1.21288395041126
0.777686976690055 0.392133631618125
1.53710785973196 -1.67231815334867
0.165052619038138 -1.50303737212063
0.733502274175699 0.965926773950631
-0.384844023126551 1.50915709337327
-1.38261604823537 -1.01427461306071
1.48021785523108 0.496555261343577
-0.750904645782082 -0.584118285932296
0.31375462573446 1.57762666876032
-1.3497504577358 1.09877547109949
1.17955095992183 0.832340975695433
-0.630592294733398 -0.960574673618821
0.97982577330938 -1.57365574327852
-0.805375194408874 -0.462365492392795
-0.974641323061074 0.836209967900413
0.0581859480909413 1.50170970050566
-0.800378627332507 0.600016867075618
-1.10446531221561 0.697521480883023
0.064349627877654 1.20420973681674
0.217486469301524 0.714147601494184
-1.28463833939556 1.24294653952768
-0.843967376430151 -0.188293006105232
0.754949941534881 0.611881561101869
1.59837090601463 -1.28925277161708
-1.38515273923408 0.81812219659225
0.911830143863935 -1.49910678054165
1.55180097272683 -0.759330832651628
1.10378293868571 -0.306165324601515
-0.664094846827483 1.53606924882933
0.51815845070882 1.65356304016448
1.57046935043716 -1.59741300727786
1.5717760058046 0.303897934670983
-0.554328299895692 -1.62808730816552
-0.822813818780102 0.226140739358701
-1.1589015704113 -1.3917816985933
-0.616027922284757 0.451340531221146
0.0350747443654788 1.10332271940168
1.46866986638444 -0.519470917261872
0.0379655087659208 -1.26791774285971
-0.839624581849284 -1.4516547197637
-1.57110557403933 -0.518079556504432
-0.284554268157241 1.71913589075392
1.22629717578718 0.114207310601102
-0.529208456033739 -0.568468149306331
-1.27672125271272 -0.643510071571139
-0.43479025525257 -0.406609110267768
0.455253025453461 -1.66780416632105
-0.380777743388191 -1.60547559378878
0.656890137297667 1.31120851323263
0.656147308080269 -0.339260173430626
0.190181337358835 -0.106067070358172
-0.243788202658211 -0.338316252994723
-0.163782506793182 0.700060650406832
-0.6705002195098 -0.349304538769847
0.271426023968769 0.00678382886713693
1.42156443375432 -1.60396997810531
-1.23805577635683 -0.699832583350181
-0.294283658364474 1.60333165666917
-1.00138257400839 1.50721989008903
-0.246815955375042 1.59729440505268
-1.27239925015875 1.01358007354556
-0.138229966325572 0.882574085205624
1.53444826437566 -1.50353569761913
0.907504077109509 -1.26264848317659
1.49964363730595 -1.30389001092937
-0.101572663920839 0.909478612321165
0.358839592606523 1.39764623822472
-0.0519972717373499 -0.337198802733042
-1.35513467081639 -1.09963399735255
-0.873899885322441 -0.434518827314661
-0.00514581655078724 0.0215074890991603
-0.440402641854283 1.43241529809624
1.50581507770722 -1.46654411210568
0.0830902110814477 -1.35188116099927
-0.633429438142641 0.880807496072498
-0.76914823590634 -0.676889696724253
0.996069537264715 0.775299392406594
0.701350716674264 -0.927235979214802
-1.16037829792892 -0.369069310973442
-1.50876334340614 0.0272950315294534
0.882326155266535 1.52391672407798
0.417112589918879 -1.53156533559883
-1.14461965626481 -0.676311438186245
-1.51653500849616 -0.8974654374617
-1.354362342069 -0.397666965931845
-0.409746577039708 0.911001067134838
-1.14554059489326 1.26317425715095
-0.697488054265905 0.62045944935482
-1.06621744677271 0.612323973396885
-0.841187721414603 -1.16029210848875
-1.10424535742889 1.04916355111795
-0.0785876149454796 0.734366788248594
0.937860627530044 1.48507106306044
-1.63579339194909 -1.70608873458314
0.094607306681404 0.333702636194251
1.31746390086783 -0.461606502352909
-0.43972137813582 0.838198813711131
-1.56591550214443 0.907897352825815
-1.25182847417355 -0.828879983565462
-0.618369434069191 -0.848927009207762
-1.19569837272603 0.619522738660507
-1.2739989828526 -0.0502964607086311
-0.965424585888931 -0.420595525021181
-0.947844725914235 -1.53962695102474
-1.27681058043509 1.38226625922197
1.66818476066729 1.04520021848851
-0.59924202834771 -0.0657727239189402
0.0240391230355809 -1.620753520952
0.628535308436226 0.0415928177538846
-1.38851895701623 -0.439590088088179
-1.32016026356725 -0.00494782893286803
-1.55732270160686 -0.348953723826106
1.4869791967053 -1.65948846295437
0.601756826380123 0.0841396628093003
-1.4034535572367 -1.17641289307743
-0.0256477898727968 -1.02151425422809
-0.133188330903694 1.64623363331862
-0.432262616959939 1.6155006761543
1.70121759958896 0.900910023578284
-1.12115401538401 -1.46749552376878
1.08577141206844 0.0548155144771225
-1.49494470133168 0.347467386277045
-0.34485219305677 -0.21815494841165
-1.24311252086128 -1.72636184801082
-1.0624058010088 -0.223256090212843
1.18247703342478 0.003338593478601
0.76180440231836 0.587527936378567
-0.80640099892634 0.675004818306957
-0.0173148102263475 0.978644436300717
-1.44413581987408 -1.25046154378559
-0.506159838091708 -1.16655119334461
1.62538698047118 0.899083014245816
0.432022625882743 -0.195016389770007
0.570254344839311 0.449186004919602
-0.649554883778042 -1.37000763940091
-0.326700764868093 1.162375477004
1.71846242394473 -0.575216283540537
1.23004136421165 -1.04089606405756
1.57113773114831 0.673925299238608
1.08185657481126 -1.15742991770004
0.977507523204906 -1.47583232887718
-0.804093748537247 -1.59959676533513
0.908119536913996 1.19864919115257
1.68463276138227 -0.438041893875991
-0.714971350967079 1.31882054130354
-0.348657992953465 -1.41918086608492
1.08125531591517 -0.0141771434302536
-1.46478958571953 0.880999800746102
-0.472168101119041 0.366816536517497
-0.198865527158039 0.0984248144435096
-1.18917712798692 1.42099763224498
0.284767409217937 1.68261428054132
1.62868956314964 -0.76299414679389
1.69567716361122 -1.30426302855422
-1.12080302299948 -1.12798407967307
0.145944071239031 1.32098407191822
-0.400783074479484 -1.30032580875549
0.610250172972528 -0.696392142088953
-0.799189790224611 -1.16139327533249
-0.106517860277742 -1.48052396719601
-1.13691786493507 -0.906160547127935
-0.45314099460609 0.750555137447735
0.780826768742787 0.502367451911577
-0.0479809101236897 -1.46921221332783
-1.51103257952736 -1.13376955169206
0.985697054883956 -1.22743388563264
-0.282942153323013 -0.374465281925484
1.6662955244657 -0.929262234381643
-0.752112039163021 0.212625943653009
1.20509911598903 0.289322413295394
-1.44716575511253 -1.38993842439353
1.33873238207304 -1.18154775991887
-0.0972348005806107 1.46207744772805
-1.35411398385239 1.24517035242182
-0.577542003095381 1.41057785947619
1.16884528246697 -1.33274742951392
-0.773014823788725 -1.60893928947103
0.301498573965446 0.297061912404393
1.16647479944215 -0.643740013854235
-1.48556603815435 0.1970702264933
0.702446172344477 -0.504042666300955
0.688748400511016 -1.23575481785655
-0.124837974158851 0.232564065015404
-0.21847704214519 -0.574699107378607
0.21538671090387 -1.31496884876825
1.48430943641184 -0.845745429850887
-0.933691729754754 -0.507888162120212
-0.963665422652528 1.14772590233117
-0.276380252868022 0.981116426744491
-0.57670084587523 1.52473197252432
1.26373042431161 1.17501991357613
-1.11823093014514 -1.21595156197355
-0.0231446029199143 0.314111172822007
-0.24348003963915 1.12223936822134
0.222616482331034 0.456864307122563
0.540962129395487 -0.104165668977883
1.65775990180046 -0.835746025586158
-0.927820998246602 -1.64690197450887
-0.897854968370959 -0.593026041438134
1.02827035797305 -0.95313548900048
1.14894452368086 1.30711583433867
-1.33884857836253 0.615412203578037
1.60495990409667 0.0898355990162793
-1.22170931290311 0.199832465696102
-1.23451248315945 -0.874783783994212
1.47303970536012 -1.70677405201692
0.0243720422699164 1.55505750710273
-1.1956311492858 0.759158348919914
-0.525497106252163 -0.764442201494252
0.553636273587257 0.844488585337125
-0.652039621728899 1.28431013444018
-0.514164792643206 -0.414410042601664
-1.21989825549694 0.760188494284144
0.550368182170607 -0.902028815130967
-1.09094964463044 0.511872539226382
1.57401203791623 1.64777185051957
1.37818760379562 -0.422624526487397
1.53701168279541 -0.124208382002633
0.774887492667127 1.08182610258316
-0.449096297312655 -0.0193708641528656
0.97347331508133 -1.55777524093123
-1.69342777666111 -1.27956382500334
1.52527412105666 -1.17281207599821
1.71039749198929 -1.42217597211753
-0.493960988391491 -0.333890592762149
0.85783302337429 -1.51083373616094
1.01466662249507 0.214794816041771
0.713116516500358 -0.566297101654893
-0.0837445223516859 0.140788991472878
-0.0185172651077061 1.4314749434135
-0.664925822172947 -0.39185654493237
0.675542237235908 1.59441222636643
1.11818881134935 -0.399457365198258
-0.226144726130451 1.52975412978764
0.0510354063925519 0.625740271724533
0.564686556365035 1.39479402767344
-1.23610720395776 -0.85287198236211
-0.538711470517592 -0.325289085528026
-0.326444526667665 -1.6826921625267
-1.43652481450731 -1.34944842529575
1.49847311531294 0.00532706747022619
1.1721967920214 -0.445044745965744
1.31439549404822 1.05972256570105
1.50935226290895 -1.7046052723813
-1.48103981013243 1.16571196780933
-0.419989617983153 -0.426641597864185
0.131167940154695 -0.397510741421598
-1.3681464525542 1.56414779594093
1.04507686810931 -0.0842669064005653
0.830143358706549 0.180458197099871
-1.5514013260799 1.50590152362998
-0.0617664102928308 1.25898012165063
1.45671653100903 -0.83168062256657
-1.58819210992593 0.650211300141193
-0.713633341813469 -0.180454592632351
0.00294617431734209 -0.976820274086249
0.380181463319132 0.645143251852377
-0.81666524807597 1.59134601577977
-0.266394230864445 -0.833447326229656
-0.462237192222329 -0.108218562422345
1.53288340202165 -0.618897926920263
-1.3034598057536 -1.1617113677764
-1.48945049029073 0.743838660262121
1.60844140112209 0.0975690248112424
-0.19915082693235 -0.918975305073888
-0.44938965693121 -1.50885298487607
-1.14230974668364 0.608862611060919
-1.54432965358288 1.06051864247746
0.546732469748521 -1.33204671505956
0.270760821867266 0.665157467081001
1.68737000724439 -1.65658109816223
0.359547425662432 -0.480205167612773
-1.50705768905063 0.804641696156959
-1.17048847524761 -0.649092823142624
-0.0852241034397008 -0.183067193604111
-1.72535527162173 1.1273540011678
-0.202791477047467 -0.582677600670228
-0.82816368335806 -1.23313299319033
1.51870976385339 -0.689630744156298
0.747668426762611 -1.16878166026807
-1.16710613858352 1.17596404290822
-0.0824871237387543 0.569177797097509
0.659068621330966 -1.25100034997883
-0.135463071721891 -0.603163089743597
1.57667455136684 1.14810795653112
0.736260581452084 1.1173082324333
-0.356290010535011 -1.21451430212512
-1.32425464508617 -0.272695154643582
-0.900263638265155 -0.189892865427272
1.25965323277171 1.32996344252364
-0.221784250382214 -0.29445789795338
-0.0073852845611857 0.657805744637167
0.664856959018582 0.751435960748135
0.901751659888546 -1.68916810502109
-1.19372518122503 -1.6010057540277
1.21055488045183 -1.41724221020592
1.54782232857101 -0.350484057817044
0.306293060187676 1.38638395887929
0.00779705283316415 -0.190862893854588
-1.07463388811059 0.883876238416501
-1.72568774402791 0.732554398423457
1.30796877523983 -1.15438986511083
-1.26747550558583 1.2787467464973
-1.65327289625683 -1.42310651432502
1.52121417272802 -1.16735491297942
-0.717246663628524 1.21019667590607
-1.16280685570857 0.443856521835095
-0.349518999344721 -1.00992435467531
-0.140034880247946 0.598807469420392
-0.228523844068967 1.60805568357655
0.0589237670258969 1.32238217381228
1.19943047098086 1.5995997979594
-1.54095611394883 -0.122306392648116
0.187674845168114 -1.47959623661836
0.652204554548793 1.29664355764906
0.547527427034903 -1.04313519815666
0.565835798368994 0.119822438662896
-0.0961835437960766 -1.36637265125984
1.62649327857972 -0.401853048040315
-0.338799312940133 0.858078493338903
1.21088400729273 0.678239912190561
0.889044038267071 -1.39121171121538
0.112933936671955 0.3863574655616
1.29609244432449 -1.65956360186657
-0.113916581138865 0.518618444159128
-1.70389301217788 1.65715024592263
0.789008048618928 1.18647025030808
0.750287963249297 1.18744498898161
-1.08278681294978 -0.389877145423642
0.50599188958507 1.01522807819758
0.145420491077971 -0.324944651193492
-0.570465621965247 -0.854424456123338
0.477729830797162 -0.279539181909084
1.14038593695224 -0.0155900753409317
0.723911322459973 1.24100039806733
-0.524636974160033 0.804589054316256
-1.28751000874822 1.64346850021798
-0.387707487456145 -1.38545043324701
1.4832505367689 1.15212845574119
1.05444056254359 -0.171285352324783
0.896152027246308 1.21402605848924
1.58396007872043 0.241626435159667
1.71096786489764 1.59883016792499
0.368722421503726 1.57530275184251
-1.63028532116997 -0.749009752445744
-0.566569899919568 0.830021256058666
-0.770214980851489 -1.48699133688098
-1.32606658485696 1.38605476832102
-1.58233836675955 -1.26986838647663
-0.449260080800212 0.19359505200556
-0.565070113972335 0.347823627682517
-1.13050071663722 -1.27146025773729
0.421835014213374 0.03225888255838
-0.353880055001695 -0.46055262992994
1.57850716621492 -1.72060351959218
0.531218053543903 -1.56584369589273
-0.593249167575558 1.32345465332088
-1.04911455891151 1.12069590119289
-1.33249327382303 -0.301269796339119
1.7180748158483 1.46092672167392
-0.418197691112918 -0.0782785348801952
0.21473305213178 -0.0866218577111325
0.806158860815683 0.546760174706971
1.28450811479916 -1.16629215964531
0.250005113066403 -1.4022878325972
-1.69382073621021 1.25232397594397
1.40751735280412 -0.901084988254749
0.937571682154213 0.19192554314387
-0.407015923909186 1.21037995045698
-1.4062662920533 -0.520836058724135
-1.56004574736713 1.64800683615362
1.1125389048943 1.27965829366909
1.14081285463425 0.880311535375694
0.536010404830906 -0.957223351990313
-1.27192176588664 0.934671653731857
-0.547986576834948 1.29804593263976
0.801494660487579 -1.58034703113204
1.41089885227033 -1.04005941947911
0.67964634250968 1.22539947464223
-0.89519583355414 0.527423771973602
0.499202083383229 1.27940364437021
-0.759503538990868 1.08646900921088
1.58529941061442 -0.479959461329301
-1.18335111800821 -1.41717836056019
-0.282882030740255 0.258613512261806
-0.859063261449353 0.536001875575139
-1.40507332864067 1.11615008612829
1.13524765518229 -0.15389093006543
0.0876608364001066 1.67776451909588
0.581094827282388 0.867405426075913
-0.317735160441153 -1.26940033640828
1.18676623766331 -0.986667894699574
0.822050254800787 1.20682211921372
-0.525766097605517 -0.120061655453044
1.55516746554219 1.44026187384509
0.508111618942729 1.44299833412847
-1.60984503836199 1.10800878043412
0.334107251183071 0.231752408131797
-0.293347047682237 0.400024620794689
-1.46567165352505 1.0212181604084
0.0971641678577198 -0.208897283716607
1.60156956082057 -0.30280663756746
0.723096748288601 0.226847681984504
0.18524527113671 -1.20672730776465
-0.890424425925246 1.0650756113083
0.963167573824494 -0.0150987498812806
0.526338867577522 -1.24531271961355
1.14400467635698 -1.34999753757223
0.514595576921164 -1.34825930589571
-0.0698508575080814 -1.71572006456189
-0.0170984397434213 -0.906193895509799
-0.416133549919489 1.31228094757449
-0.171523477047573 -1.46455753189113
1.08859999637961 -1.25213915765827
1.48532788036305 -1.56742085086018
-1.22116148061991 -1.61455238341622
0.865407633217041 1.44137464047667
1.64772539329667 1.17848873407078
1.64472933956898 -1.11242204481498
-0.517448203651728 -0.016392318991058
-0.367371243017902 -0.668715278160529
1.56214011882396 -0.78158113080446
-1.36261019127413 -1.28780106083006
1.50605322178719 -0.244628228290103
-0.532910118355171 0.678773265305959
0.114525298193639 -0.571366431550083
0.13438739505302 0.697138095070662
0.74380479649544 1.17964754819837
-0.326351280730216 1.32547615226821
-1.20277716059841 0.923492598145893
-0.553449949474553 -0.616514382640787
0.438745261876587 -1.58615321290993
-1.5333060199909 1.36038707604488
1.21821243902084 0.478410256511205
-0.995425721616727 0.188769691893825
0.136700474371798 0.922594003344634
-1.25924393979864 -1.3965134409485
-0.606684949707609 0.859154315186596
0.419420584752707 1.29979323718609
-0.845302286822469 -1.7054860134137
0.467223472572639 1.50659663176218
-0.0496332773992968 -0.322280414147644
1.51788936478508 1.00030572461725
1.23842165199021 1.64935447308275
-0.447272545631633 -0.577110509860845
-0.643623740942587 0.99494132521961
1.1380764064491 -1.42249551393
-0.1668258920429 -1.58066990641157
-0.637815889608254 0.0517319864766909
-1.39323209470544 -1.56546449042389
-1.50722875406263 -1.42306635786297
0.656299569208687 0.652378743325111
0.582144368537181 -1.61136658661458
1.40139069603655 -0.239331578202643
-0.686954662131707 0.898220941596771
1.49929333290773 1.14937836639266
-1.03236111082799 -0.40716178507122
1.01282972083901 0.400293634731416
-0.953907899209322 -0.536981994737103
-1.62550691995462 0.11181695340215
1.25412270686164 -0.831352840242871
0.641231207674409 0.252396599433967
1.53139240826516 1.40589413420968
0.609175295593724 0.228706495964034
1.18860306027757 -1.53637473087949
-0.478412576952703 -1.3783184171728
-0.372855510922675 -0.594641254227105
0.234476023315668 1.69949000952006
-1.40243414784633 0.742583318349162
-1.06076309215758 -1.45847620963025
0.305070934382543 0.395657386972308
0.871235995092666 -0.0234392449513932
1.27215247600439 -0.799869186782119
-0.444112593886427 -0.716684994190527
1.03512396381458 -0.0856384800911735
-1.5300438260606 1.60761524168076
0.42759384027276 -0.264546158504613
-0.496608734736307 1.19198730523661
0.304591292591832 1.57210406074187
1.43339204668989 -0.739677407764885
-1.04116281965706 0.141506465209088
-0.453507630008638 0.281902762487495
0.593775865048536 -0.844246962611284
0.928879971285502 1.30972128525346
0.0770702889769539 1.3243343184169
1.13648519978482 1.68817686838759
0.0938639717577776 -1.38002567978704
0.00607889212871845 0.411448676933743
-0.277220551920027 0.709218582897297
-0.477012739365182 -1.2173253843228
-1.30448052014027 1.35380760169354
-0.699188971759093 -1.16854435822527
-0.773615332594238 -1.30989297372786
0.936088090904527 1.65430548062526
0.963648298003974 0.440322875770418
-1.23395705641079 -1.66554203105731
0.053784163322124 1.14025804489557
0.336850922821143 1.72816226784212
0.0202408288839614 1.27512027228756
-0.394562445073814 -0.357110512035048
-0.256003688238282 1.51118586335992
-1.69131389155757 -0.607004493939733
1.45260786308752 1.63660636108794
-1.45686363828928 0.216847405033747
0.0255451678031214 0.274803847991155
1.10910701547221 1.12476037829421
0.340851726910974 -1.04461897249298
-0.2627398928061 0.412192186878504
0.205456804547576 -0.954136162257382
1.00145262762909 -1.64467324327887
-1.15106811156898 0.888559816891089
1.62969259798204 0.478589695115022
-0.0917879597760384 -1.53158701240999
1.48867413363759 0.602053285566518
1.38889437412438 0.663530549652816
0.869081392168967 0.849498035420809
0.611652169691745 -1.30228788117187
0.512733616593951 -1.20837637706136
-1.47831620785334 -1.11741309186993
-0.264801406262859 -1.7013260699455
0.106778729682579 0.463457454899251
1.53357428222395 -0.440803864497973
0.735167438964428 -0.77000033718999
0.777658165146365 -1.13446383149842
-0.103477503619552 -1.02637471373959
-1.31538085093944 -0.963467527787745
0.980679098934425 -0.854138323183901
-0.214229060626496 -1.14281512706631
-0.23744345100594 1.46073115934887
-1.6367953605237 -0.535849898351972
-1.22434569093965 -1.43722385859867
-0.268138238238424 -0.423251538493337
0.925390316823408 0.150146356110537
-1.71553935644994 0.994235012508583
0.358866002247265 -0.622452198862741
1.40496084328317 1.17099977731311
0.715896546561195 1.72675241291591
-0.82259541014783 -0.992662592790369
1.21616369888073 -0.217211325592332
-0.576407403988676 -0.420091615783896
0.271184657725513 1.61280502805731
-0.232880708090743 0.4888419032945
-1.55331936575969 1.06048390441165
0.796061940743052 1.45167400515705
0.166867209935519 -1.52897669074573
0.870258485923295 -0.0774474200017522
-1.55617433390203 0.682021985028517
0.744664803572474 -1.57730415965404
-0.700806959076653 0.88976945409137
-0.75005694744947 0.317567098211104
1.14272788991898 0.0351275942958252
-1.43276844880591 -0.164192297406991
-1.58428221278142 -1.64377868767505
-0.523977208198849 1.59987319307034
0.146656241108959 1.68919100133435
0.379183554105682 0.465435162268159
-0.791990282935902 -0.25793234048993
-1.02111000460597 -0.808431578808966
-0.410038266295266 -1.45294991406973
-0.0950614768478696 -0.588406884452522
1.16226827212285 1.36502959794873
-1.31126120104663 -0.669696757164122
0.609017209568365 -0.338013729366331
-0.0114827349990861 0.255620899272188
1.39339243180908 0.335977618977152
0.177583590295721 0.242546479325264
-1.28668970404614 -0.97662970671921
-0.200883995094201 1.10895157250796
-1.06591204699056 -1.60507145789007
-0.225510860071036 0.435031631980963
-0.952165822713669 -0.230435717681586
1.59728437561575 -0.495622394661839
-0.178652501631507 0.94801251391762
0.960058391113193 -1.13119528841433
-1.18396143122347 -0.0235248068964359
1.27066220330272 0.821646481042584
-1.01794148166445 0.0381086607298341
-1.11561502312899 -0.0863014545043145
-1.16085112115431 0.304494326043806
0.226098369726174 0.251276852927258
0.786978142204724 0.536650795871803
1.30222157719751 1.26483202749837
0.722003244466989 -0.357334635873595
-0.0780697274073238 1.59388911803654
1.10948244306551 -0.412653292559896
-1.67450442138645 -1.1428477221314
1.71857926708652 -0.92974797368286
0.46728941843924 1.55856932391848
-0.247768548632436 -1.44277006382147
-1.6336948030475 -1.06332672028007
0.877570217247629 -1.47329871486294
-1.00932151655626 0.363786122995487
1.73016427572611 -0.984349081623892
1.4107525878338 0.304796811764395
0.736000459718178 -0.939126250523218
0.799974976169752 -0.37784626278069
-0.095304636856121 -0.526869371155272
1.25577385624825 1.44930876389423
-1.15903601487211 -1.34393589833336
0.417174571597102 -0.848787536720426
-0.71938515008993 -1.08556606549737
-0.151929490790029 0.850587714587021
-1.57395195001508 1.49984785793461
-1.11661244518684 -0.0183185370777969
-1.53136823760447 0.50227284532595
1.53948220773964 -1.12305278257523
-0.54475258469729 0.356783920177686
0.0621826008730241 1.34323195687642
0.433862568228566 -0.0339156181034184
-0.910141244757527 -1.66836824411439
0.0558548778899738 -1.11062287432809
1.06189204058192 -0.694929481592592
-0.525626378314185 -0.772619155848059
1.24252978516973 -1.51862950093534
-1.61275143932807 -0.501181553061721
1.63158197371661 0.266866608068234
0.849086418780044 0.121352878311755
-0.785466883097842 0.36121167985733
0.613513532366143 -0.0479813464667034
-0.526725421514389 -1.2760830006398
1.54852451094456 1.60931785615306
-0.559023641887572 0.839911538275258
-1.62219304639659 -0.461281902671599
-0.507193675030751 -1.20957665990624
-0.391015361902651 -0.945908718742177
-0.495549573771487 0.849109533668086
1.59337799099218 -1.55679366998105
-0.402742672403499 0.32560233141894
0.160518227933697 -1.20117498890036
1.47336373965057 0.910299133984928
1.44404376117677 1.71570393680791
-0.891199054950412 -1.12930367128007
0.752024725393531 0.412681274971205
-0.523266281220942 0.131577574297996
0.188043042856092 1.10247896025443
0.841681128577246 -0.617486826682384
1.10746746184071 0.285188874628647
1.28053032881149 -1.48633383732251
-1.60781033782048 0.244718039941873
-0.969863916320654 0.210192161855426
-0.460818319271652 -0.228038554822098
-0.673087269008964 1.60023753303441
0.789227855807181 0.731866583107396
0.691880741664005 -0.836686084265407
1.42049271885418 1.47459024582337
1.19720255839811 -0.274316445585883
0.964906937895831 1.09569792365996
-0.3434884404719 0.882185602810077
0.266059142819825 -0.30434452085712
-1.46753392679328 0.0499413710551435
1.29202278272613 0.146478561588531
1.58062015362942 1.64206835775493
0.0191602225875484 -1.47696144909647
1.47004820621468 0.933588567297242
-1.26608226153646 1.29056806270476
-0.905041569262431 1.69694416257701
-0.0347704971418548 1.61131870502613
-0.0898584606479319 0.472577310211014
-0.225186838685364 -1.50553564880315
-1.5960884215194 -1.28720904740526
0.499977302802269 -0.024994253696156
0.746746686424448 0.565496784043799
-0.513841550383877 -1.07602369948738
1.5469179548461 -1.11683192652929
0.842145644347847 -1.33173809714686
-1.5561232188586 -1.18835174444574
1.66403241327766 1.2381075011513
-0.977491697906806 -0.260290753508842
-1.60666417844683 1.31061399386006
-0.828946126230022 1.12523222478876
0.763542679968182 1.65867980804617
-0.873320174189668 0.466070678526847
-0.91827863465626 0.663456089854878
-1.65926364870987 1.01215277780359
-0.815378063608146 -1.61368021922598
0.664420299837645 1.10849062732982
-1.61195251382056 0.649990733990323
-1.5145532748346 -0.236331778861357
-0.354356492373194 -0.887240300293151
-0.0345425494544571 -1.70382633638442
0.453966178123123 -0.273296336110968
0.773895238975327 0.994047888299262
-1.46612630197508 0.331140826839767
-0.272118759233784 1.67996131501787
1.64103737761248 0.0971453809116593
1.08705512111659 0.080638804574926
-0.956896677058403 0.992273911177216
-0.0355336949479192 -1.42817146788529
-1.69276722673429 -0.844852881747547
-0.836226173083097 -0.496737898720762
-0.157274467680994 -0.869297393252447
0.834767734870797 -1.12576898154097
1.69969613925022 0.252609497723411
-0.581259117282722 -0.0575278218438918
1.54080262605937 1.07369472470074
1.59990717781937 0.867810226571005
1.38313783140524 -0.528470187044437
-0.0252330873755246 1.06304439667161
0.987045449162602 -0.859913938367453
1.0500351805662 0.32203519743942
0.615805112314545 -1.19090363324741
0.281553791314788 -1.12527997571627
-0.586582952104521 -0.947856833827954
-1.72749670360011 1.0113903728352
-1.50410611730732 -0.386675216835277
-1.43430463189026 1.42451490697788
-1.68663741636011 -1.30996024072173
-0.568993848271636 1.68991055516045
-1.31890709611042 0.884343298042676
0.324224133541323 -0.655491739400126
-1.60279590729667 -1.66323518878202
-1.69889314792916 0.63144704714364
-1.17226540675867 -0.212224490336303
1.14973182117131 1.32917823318858
0.924370416244687 -1.47486279002511
-0.787112072893821 -0.160493366060503
-1.08023402000666 1.34419707180717
-0.949988871123487 0.693371952382177
-1.51737915720658 -0.67683137677853
-1.52455028606842 0.294070365672565
-1.21882381768734 1.28328950312806
-1.47921335409258 -0.185247824670872
-1.58348972030881 -0.563356315891478
0.0778081296887327 0.231778219313174
1.00192726962249 -0.291798663124483
0.674645387806704 1.1523703462413
-1.50142461446684 -1.19959210340221
-1.6698433488554 0.549576406720065
-0.200369099046319 -1.72849380223181
-1.18610117670788 -0.621976228483118
0.758153680825771 1.55930603868785
0.706475231459182 -1.68856763896267
1.33446306491342 -1.45807235924989
-0.605313599431077 -0.993198218760873
1.63118159552973 1.71418733270075
1.67946666738285 -0.0275756775159838
-1.59631096371534 0.442137554581641
1.36337093475156 -1.71140013725852
1.11682342066345 -0.741823508855483
0.776806402613298 1.68521759894054
-0.73120209157557 0.892672398994942
0.00675016431806134 -1.49553930135916
-0.248213268464166 1.07651800030632
0.381106658913247 -1.30641176786663
1.47609933450687 -0.31205195238408
-0.900239442601442 1.48105463208356
-0.790224507610725 0.187782849339325
0.81407651127628 -1.68262980580319
0.87138046495766 1.6190008254321
1.49161416850388 0.935534447435716
-0.129106115370019 -1.45508752381236
1.24947088786737 -0.466199320674093
-0.651124942727308 -0.0678044361963746
-1.01138252511334 0.608852896984658
1.45778910891661 0.992282383974553
-1.54936488177943 1.0740726171078
-0.307766614741497 -1.45950394018675
-0.151238467022011 -1.14691401961384
-0.291468652305873 -1.604804676481
0.590121667329719 -0.900173447535351
0.889941838617556 1.42788599550949
1.42600198332583 -1.72732757511228
1.10834653734941 -0.944658958148358
-1.40763820207484 -1.14917091392212
-1.11576606394876 -1.21325823754425
0.492645756988437 0.513023615322786
1.29655432348638 -0.0499781553357849
0.31978282625798 0.66941795898137
-0.822959026637438 -0.728606374900758
1.32935683782072 1.65816726954104
-1.08187584004088 -0.73395192444152
-0.0385659046545721 0.0892509195416122
-1.69803164228407 -1.46246655761873
-0.483470656295771 0.618528629099438
-0.200357779937531 -1.10175850067379
-1.29651200869918 0.103245661106991
0.430811430429777 1.04504611842835
-0.684397942908017 -0.647138536343832
-0.901923098332745 0.662590534527213
-0.489720864273239 0.945853971808562
1.36108159458975 -0.825171062302952
1.69958270135834 0.61924333475945
0.80513064552323 1.70483438633856
1.70706801251449 0.178358000746105
0.137834393557689 1.49193478060689
-0.229317423769642 -1.01358108173182
1.60967682530728 -0.93544932747953
-1.21825649192115 -0.0554720816649381
-1.50171210563481 -0.134894216738776
-1.648041188689 0.979375509259763
0.389445533626402 -1.72995410437887
0.68107268168453 0.868184855680779
1.04318609785151 1.14569077109249
-1.25493910867307 -0.641997669584311
-1.17853994509354 0.734504412125601
1.69336923894716 -0.860096423306876
-0.35110160980966 -0.660439639309307
-1.08110518165649 0.678807502504831
-0.0771516358968769 -0.266404493394032
0.153231149586364 1.22244755688939
-0.595278216628165 0.119164806830389
1.73181037692247 0.166891812099933
0.0962391029245433 1.19699945403328
-1.26878088176655 -0.425983762781328
-0.212903450550797 -1.15685863258476
0.418442481963265 -1.07647640576739
-1.02914159301884 1.23622637802619
-1.26727308114182 -0.562905307397126
0.958981099733206 0.952725753232003
0.470944090408875 -1.49278460903543
-0.754702006756498 -0.89737806723378
-1.0695086167827 -0.890960568893666
-0.812204627170063 -0.391052076820077
0.106724789297972 1.28797037401762
0.640376956131101 1.61841805021964
-0.404318184430612 1.27103524673714
1.57612465996402 -0.215760524592595
-1.32205158550458 -1.06715879189763
-1.596604242679 -1.44697462800048
0.0156058917669929 0.289084952362439
0.271871546316763 -1.4883114374204
1.17538321551162 0.0958262506506971
0.535013088430978 -0.0959961953661316
1.53989134020945 -1.56511100257673
0.0403832136221126 0.32749896448149
-1.43787562923953 1.00899308657371
1.71393532081713 0.342491166819069
-0.341407583550265 -1.63534719209993
1.37055897533301 -0.36121354298554
1.30547583387901 -1.36401091848521
-0.70499734009134 -1.64852650939128
-1.27273895892264 1.18090450804864
-0.810908402900949 -0.601368297204733
