-0.6357396326233 -0.164376653646771 1.04361767640543 -0.388169446754038 -2.52851333132223
-0.467950025469347 0.419040312003239 0.10945845382513 0.648644982561806 -0.961020534842151
1.11954185203368 -0.266884505316344 -0.258700662222385 1.21075327180974 -1.53564672237128
-0.876286327732233 -0.93500980893622 -0.484532972884808 -0.391117930832761 -0.384932948440079
-0.23357649654255 1.28957619405909 0.230362906347972 0.30930387225443 -1.09179106290391
0.041292016886751 0.690433105403086 0.320039614744943 1.19870620057037 -1.14123836707505
-0.619130094403788 -0.460265597215465 -0.52559824020388 0.500950201209484 -0.838597158517804
-0.474420912616951 -0.719217836364562 -0.0513032499224521 0.442066658859928 -0.422995588825312
1.093597836715 -0.420353739169984 -1.4528201549423 -0.767252472713234 -0.806411795782916
-0.0478846671695627 1.24905677478966 0.470209223302205 1.18533999212076 -1.08582099208082
0.414316135248115 0.735446995026152 0.578617759974622 1.80605101987228 -1.38819641209004
0.751006551203353 -0.865901660765811 0.193228364519028 -0.134839070618911 0.0208277155346515
0.115827199125432 -1.17063722173997 0.51703352948194 0.100931760142495 0.0865325316987576
-0.377462315557892 0.872713275959527 -0.238011002989171 0.173981258131348 -0.932365358956643
-0.554545332375175 -0.832026066832811 1.32644726080477 0.382056033350808 -2.54463621817826
0.873373857563251 -0.32396524099272 0.396821027171393 1.91515210876505 -2.00373397845581
1.0840656480941 -0.483688569509567 -0.168557182446342 1.07763098010963 -2.18196754406379
-0.590853115586314 -0.0778063857592524 -0.306248838588645 0.352884470439565 -0.851477883012849
-0.880945161145366 -1.08323648158168 1.20947676967847 0.312496799611285 -1.85543272448843
0.189200507188477 0.886530148942939 0.428631954120746 1.39948232659553 -1.20721834644705
0.648670965667774 -0.684520247493409 0.663434210312809 1.20459279400499 -2.7604815278002
0.816412278456514 -0.256945859024962 0.453390233095576 1.99243953428587 -1.93599237798886
1.31806996278565 -0.629940787559745 -1.29124084645124 -0.744925413784064 -0.65046905775528
0.524492365208144 -0.654746617666736 -0.311409604703221 0.174436091537852 -0.499807740293696
0.103059643579951 0.0556137198545656 1.00609246824271 2.11977305943418 -1.46049874700666
1.23829243187277 -0.503634794439864 -0.903827225662882 0.42412432019856 -1.57957752537033
-0.855796074054206 -0.688197400529885 -0.316059052349817 -0.311671229039074 -0.368022652563317
-0.0090332540789849 0.369565828732693 0.963134097297632 1.85134367740582 -1.23747705709782
1.36988577643025 -0.462387744017033 -0.581543045494762 -0.62848652646018 -0.17706707050702
-0.390163949635818 -1.18106229867338 1.30799692579938 1.44681156048964 -2.0545144153519
0.320513004949191 0.764193142159565 0.702471535827559 1.89511898323037 -1.38172977643571
1.0256545026175 -0.417956157771683 -0.387889458309065 0.651906462439255 -2.24490942002411
-0.00099800101296145 -0.0853174361329837 0.00396557344103118 0.790216239600694 -0.844402604229685
-0.457434338633119 0.383351332132018 0.205531434204765 0.780858342411381 -1.01997667609256
-0.665583756832226 -0.322250664658685 -0.353122304453896 0.424257933624569 -0.842099346010503
-0.904276749560727 -0.896385337972824 -0.457790499214407 -0.395141747287603 -0.409035100605361
-0.119164615382562 1.00623983440542 0.380789371241694 1.06195530076208 -1.07749945883734
0.232476940342699 -1.0867689160697 0.361103079276781 0.0756540603646677 0.0489247482135521
1.11493607134914 -0.729507509379512 -0.822706125821127 -0.244700441929734 -0.636803885802479
-0.374660676434103 -0.693775405478405 -0.0205722139310733 0.443010247722492 -0.415130731913702
0.852230233161012 -0.37907503683572 -1.49769882497176 -0.510263265584963 -1.03846664237499
-0.108441024600369 0.717127926992134 0.747272318996871 -0.222098866230701 -1.25755748713149
0.343092178679135 0.481437844130203 0.202102389398773 1.25262968660069 -1.18272064192004
-0.176157757949453 1.10062944367667 0.579621584737151 0.712281633051813 -1.06293144866885
-0.480791432865917 -1.16608392063523 1.27071284503994 1.38793788248832 -1.72211479857626
-0.516329364582692 0.243273802440952 0.196162834176895 0.793408793588201 -1.03726961772187
0.0185614333599832 -1.18903818184301 0.383286316150294 0.129372132634605 0.0526729723915508
1.28391563464225 -0.65114030971984 -1.26118698200602 -0.322318415888802 -0.986597712383059
-0.436750988428247 0.551301138381646 -0.894258097234791 -0.581028433314896 -1.14859734517077
1.02352060600073 -0.477461324377972 -1.48323920415471 -0.390046555379547 -1.14426594430933
-0.0674726943910487 1.31092061495607 0.47209591042552 1.15381608510522 -1.07692417636144
-0.134181808234673 -0.886143319411106 1.32431647789373 0.760245005305288 -2.83283275751229
-0.168527498918463 0.663346845337563 0.78941401922045 0.401805372767771 -1.05500816288425
-0.301820046362421 0.333202241262342 0.215751612101747 0.957921284130263 -1.04833608457854
0.315626687913657 0.10772657694403 -0.00881675034703596 0.941272234784455 -1.01070191122886
-0.312127139020656 -0.617808162925629 1.30932649251625 0.172569677107196 -2.7665373281221
0.805731796081718 -0.536723407727734 0.285201861455739 0.805829500362249 -2.68579943408442
-0.0984868929893587 0.981830107359644 0.743682884712253 1.31397511263798 -1.08281461539003
0.950938131312181 -0.542249293108421 0.204574865943457 1.38743686218097 -2.36933966485255
-0.238491284709251 -0.333258038418446 1.15374953647306 -0.211167761422391 -2.6807220587198
-0.0933335426770282 -0.275006146318588 -0.0258677141392943 0.664816132413514 -0.71809521379023
1.28907350580244 -0.705087886991523 -0.85708120229902 -0.635048946877541 -0.372437908991196
-0.229532711802865 0.148958866569467 0.971211399803126 0.534839595779335 -0.933529944929469
-0.117834684598288 0.918596119682822 0.376740009249018 1.0951161498819 -1.09742330197203
-0.41041320330938 -1.12419161972091 1.34839328897912 1.10300944433983 -2.40188563338594
-0.873118694424911 -0.898711631347588 -0.409650191875178 -0.108822705511233 -0.461450902727156
0.17138734657771 -0.937785194112044 1.13927073730417 1.9341423383035 -2.40027279108966
-0.399513078025873 0.771049225722652 -0.674104573398952 -0.463438456357085 -1.11290411759089
0.0184744744997474 0.646386681649185 0.800238797475224 -0.767582623331149 -1.59748146411201
-0.512315991373491 0.22082039484463 -0.224512329083116 0.342473674788071 -0.87213355535719
-0.284922772856313 1.26863130816261 0.0330971212822711 0.258752292034174 -1.04202420552159
-0.923045556058944 -0.568321261248716 -0.171900910426488 0.450577466714559 -0.831953663265333
1.0104656544326 -0.748439724970103 -0.103011628530859 -0.314607700627668 -0.0400126318971138
-0.483139702472089 -0.620854580588114 1.29901101728277 0.126630331928693 -2.65657534176451
1.29439785524166 -0.664547420218267 -1.32435567635947 -0.594992627959221 -0.796858729367068
0.998938241091383 -0.518926842136216 0.0457892230320783 1.19952834076721 -2.33863531611111
-0.133483662763121 -1.12513192173768 0.184459030305735 0.192978340986448 -0.033940733240365
-0.202593425492136 0.355238354406544 0.92721683127208 0.940444226362468 -0.970773255797344
1.22675643957768 -0.607869414533349 -1.41684656420162 -0.495379500872143 -0.97554552212916
-0.0467833003349843 -0.681820300045062 1.1550338749117 2.0808734042326 -1.72849076560673
1.08116635530819 -0.741294731712941 -0.768849273362841 -0.256407010339096 -0.584480207526807
-0.575776292847006 -0.654932891745013 -0.0769082480400808 0.46002818296135 -0.500105879565737
-0.276344656269211 0.812389160783375 0.272274800118448 0.857430382893887 -1.01452785582855
0.424647353315635 -0.217562417812466 -1.27197460509713 -0.199855837998034 -1.1765957024616
0.953346205963333 -0.813517384691983 -0.428448076793594 -0.309308066856685 -0.25314980530945
-0.427602383640347 0.530143057800986 0.0901137436922125 0.618186040971713 -0.944067428106435
-0.508311188928282 0.194997634101888 -0.323302618493699 0.267712767774798 -0.864269080175656
-0.0289537263534244 -1.04834181784367 0.153080989181164 0.18185777176363 -0.0734356400922849
0.808059027276299 -0.333529533269465 -1.46256581495616 -0.552037280715001 -0.994856796938706
0.239337652014164 -0.363466042679339 1.01591070192477 2.26506979285795 -1.80943608430502
-0.453737836709173 -0.102443577673421 1.04088392871756 -0.385047963473953 -2.53662280903647
1.37824316948977 -0.455470395493219 -0.546882170672255 -0.621922061250015 -0.157993638252264
-0.143923641542049 1.07145091395158 0.649234724737228 0.976303150359176 -1.05188243315628
-0.356698232988436 -0.411879254921582 1.08131799494965 0.178882850586731 -0.831882045946411
-0.304549744698789 1.087010037434 -0.29821195099446 -0.745557302421084 -1.42914870804257
-0.970081912202986 -0.567412148854961 -0.182286800336104 0.321090839495862 -0.711318892866339
0.729860423492775 -0.58485778826801 0.625614980997128 1.9065026997615 -2.33111778836457
-0.0569288833948681 0.95685437448691 0.179188428352568 -1.30976195968562 -2.1670639687477
-0.405821642757251 -0.533694179233839 1.10119188211425 0.20048813598788 -0.798621441139189
1.07273514151233 -0.572924989655364 -0.723838415876713 0.15825385234327 -0.883442574866228
