1	51.6170569971	-3.7259562931	1276	4411		919	16073	5034		489
2	53.1339845939	-3.8465489811		10734			7336	5786		632
3	57.1656950554	-2.1612074513	635	4666			16746	7001	8385	
4	57.1207132742	-2.1819499272	529	8914	413		15722	12216	5102	
5	57.0411115835	-2.8592460824	513	13678			6159	17362	7086	397
6	55.8506379067	-3.8717669938		3133		528	20849	2898	8441	
7	51.285408084	-0.7770004299		21203			5489	15617		2041
8	52.6143223813	-1.9281619617		22913	847		7647	6833		
9	53.3935179772	-2.3657133317		24176			11073	12581		1563
10	53.1648146367	-3.041333282	1368	12885			15804	7308		1009
11	53.0399460492	-1.3999994819	3195	17746			17210	6636		906
12	56.7462933348	-2.9160515158		11738			6535	4090	15020	577
13	54.832336	-5.883179								
14	54.993374	-6.328125								
15	54.699234	-6.102905								
16	53.1367280778	-4.1415934529		4416			7928	3666		685
17	56.123561212	-5.501506696		10861	789	272	10274	14292	8563	
18	50.9277933764	-0.4546672599		32333			4835	15642		3172
19	53.0930638382	-1.2720119452	2781	10698		396	16239	16047		933
20	51.1284559662	0.7914055487		29878	1014		9204	12581		2508
21	53.4977956897	-2.116386308	2929	9510			18604	5703		1686
22	51.7320700828	-0.7980793292		27736			6695	15118		3613
23	55.2755616523	-4.5777892102		11721			21632	4264	8276	
24	55.5562312025	-4.5677385993		8943			20950	5236	8364	
25	55.652655329	-5.0089335702		7212			21860	4630	11965	
26	51.9910676403	-1.2863027818		29703	959	524	10773	11476		2806
27	57.549160635	-2.2675504089	1010	11841			5382	4365	15868	
28	51.536791492	0.1165883601	6620	8073	317	77	24628	3719		1300
29	53.576514734	-1.4884803998	3307	6388		732	17487	6394		1727
30	53.5426655258	-1.407742667	3301	6329		712	18059	6969		1731
31	54.1901874189	-3.1600607945	840	16018	530	245	21226	4424		841
32	51.6036129706	0.4355632094	1934	21922			9584	6538		1591
33	51.5279703994	0.4376506988	2518	19624			13852	5977		2639
34	51.2664810184	-1.0658936398		25590			10327	12414		2076
35	53.3549205793	-0.9885889838		16803		407	25018	5570		1779
36	51.3802414533	-2.3667312098		14768	1120	56	3251	26651		890
37	53.7232547221	-1.684553495	3685	17159	605		21565	8095		
38	51.4667071579	-0.1620596743		23103	559	155	17126	7176		505
39	51.5622786569	-0.6180059698		32053	768	191	6135	10271		2597
40	51.3809947437	0.0055233913	1001	27597	608		6893	9813		1551
41	52.1319035316	-0.4642708409	757	17546	393	120	16193	8957		1136
42	52.0299453091	-0.4856600515		28815	773		8108	13663		2826
43	52.1736788366	-0.3968941101	1265	30989			8957	12047		2294
44	51.8959143658	-0.5770734598	1703	26815			9948	10166		2142
45	54.598324	-5.892792								
46	54.618607	-5.917511				403				
47	54.582409	-5.925064			1036					
48	54.606277	-5.95665								
49	51.4967086094	-0.0731547525	1370	7638	718	155	13060	21590		
50	55.4328998179	-1.931058789	1213	14116			5061	16806		1243
51	55.5655109776	-2.6698750638		16555			5003	22230	4497	595
52	51.5267116211	-0.0478575213	1405	7071	856	277	21784	10210		
53	53.7953749854	-0.2301144936	2080	25063	686	225	11224	12076		1845
54	50.9431643639	0.4285568212	1950	28147			6524	15267		
55	51.4630452632	0.1629602641	2042	21794	371		11450	5502		1557
56	53.3854284776	-3.0410890163		6687			22082	6554		
57	52.4525181059	-1.9655064572	1196	15620	469		16894	6387		732
58	52.5249978151	-1.8374300063	1815	11592		240	14869	5742		842
59	52.442029451	-1.8705261654		7320		190	16039	11988		950
60	52.4891548698	-1.8136015753	2333	4936			22077	11775		714
61	52.488560704	-1.8987760518		4277	859		19950	9845		902
62	52.4068814694	-1.9693557752	2290	14059	406		16841	6550		1363
63	52.5258052506	-1.9133860103		8960			21142	9234		1675
64	52.4236743918	-1.9085837996	1820	14468	664		17950	10371		1131
65	52.4615357996	-1.8087088359	2153	7836			13160	16162		1190
66	54.6003440999	-1.9751189415	2036	10805			16023	9189		1119
67	53.74391151	-2.4971448198	2158	11895		238	21751	6918		942
68	53.5160200646	-2.2335357895	2469	6260			18563	4861		894
69	53.8581462861	-3.032616101	1556	16964			14814	5400		1659
70	53.7983012954	-3.0334262647	1482	12597			14449	5082		1352
71	51.7667598354	-3.1938299507	1211	2265			16974	3285		488
72	54.932126116	-1.7125127805	2277	7159			22297	13180		
73	55.0920728187	-1.5513046596	1699	6412		819	17156	10488		1665
74	50.8023528295	-0.638787435	1890	24087		235	6580	11024		3036
75	53.2020473817	-1.308922368	2640	10812			21994	6821		1721
76	53.6038198781	-2.4152211376		15786			19870	5624		1815
77	53.5520130733	-2.4171651789	2012	10148	614		18782	6289		1564
78	53.5763486571	-2.5199136895		18235	545	254	18327	8177		1901
79	53.4692083276	-2.9995911099	942	3678			27426	6245		2514
80	53.032971078	0.060812008	2278	21325		171	8899	6371		4081
81	52.6150381909	-1.3955230589	2458	23132			8674	18100		1098
82	50.7380019073	-1.828471205		21320		249	5836	13592		3027
83	50.7455128317	-1.9002456657		18808		456	6171	13225		2999
84	51.3778622228	-0.79955641	1253	27327	821		8755	11623		2297
85	53.8135201159	-1.7305668185	1854	10860		375	13272	13637		
86	53.7649243376	-1.7652872694	2651	11060			15682	6948		1339
87	53.7998650586	-1.8155581321	1370	12638	940		18401	4732		812
88	51.9755847812	0.578174813	1080	25901	718		9780	9247		2477
89	52.1051003964	-3.400273266		14182	341		4096	17929		876
90	51.5515282308	-0.2521366391		5067	668	163	18681	20026		
91	51.5686917268	-0.2926757268		16486	725	734	24514	8879		380
92	51.4793726398	-0.3221845353	704	20022	787	68	18064	12718		863
93	51.6771171308	0.2656038588	1447	28793	584	263	4992	11872		2037
94	51.5061973251	-3.6415274356	1020	11668			13931	8658		801
95	51.1353747349	-3.3242828737	1282	24675	859	315	9332	15426		2604
96	53.6149515253	-0.723797263	1498	19680			14533	6414		1749
97	50.8199133201	-0.0600180943		16217	2330		14889	7691		1384
98	50.8586695836	-0.1399479875		12275	16238		14986	7159		948
99	51.4547103053	-2.5393260419	1960	12749	803		16471	10993		1510
100	51.4556281067	-2.8467088459		19115	511		13059	15841		1175
101	51.42354005	-2.5979476932	1739	11086	1216		18600	13866		1264
102	51.4621459836	-2.5902611697		10169	2090	343	15227	26593		655
103	52.747436876	1.179320644	871	24338	752		7287	17046		2382
104	51.4105410913	0.0562759162	1070	23569	607		7295	9669		1451
105	52.361759852	-2.0160369997	1923	22558		336	11250	10124		2950
106	51.7206507849	-0.0680648832	2159	26844			8040	6107		1890
107	52.9644884995	-1.2532214065	1422	20585	423		20196	8907		1194
108	51.8938000929	-0.8938495314	980			10331				8401
109	53.778933641	-2.2219467564	3747	6950		1876	13114	14932		929
110	52.8974956407	-1.808744489	2409	22188			15884	7891		1451
111	53.6179435396	-2.3199256292	1825	18070		181	15827	7645		1282
112	53.5561645169	-2.3047845353	1743	16216	493		19508	8796		1017
113	52.2477199208	0.8946173474		27899	2521		9776	15519		3003
114	51.607863184	-3.2177559539	1635	6622			17377	5688		910
115	58.219625814	-4.2448504436		3744		520	7081	11907	5516	
116	53.7178836698	-1.9922301749	1823	20397	858	194	13966	13037		1173
117	51.4701581554	-0.0710785922		6080	1361	93	27619	10432		
118	50.1881915809	-5.2392562973		15969	581		6945	15903		2152
119	52.2021071985	0.1310993969		12829	3804	145	12174	19621		1195
120	52.5338206603	0.103242022	1747	26862		566	9274	10437		2791
121	52.4650742857	-0.2447076406		29425			9877	12748		4826
122	52.1642018975	0.012226707		27995	1039	1968	6024	20157		1873
123	52.2635023183	0.2885331209		27629	766	517	4380	21683		2138
124	52.7124017382	-1.9802171694	2168	18271		380	15076	7732		1580
125	51.2685483145	1.0874923028		22050	1137		7940	16002		1907
126	51.5047952515	-3.1633179837		7799	575	86	10400	14976		765
127	51.5318748597	-3.190675674		17860	362		17666	8724		1130
128	51.466937831	-3.1524598584		12553	554	648	17262	9875		1145
129	51.5061002923	-3.2694652527		12143	750		16894	7186		1117
130	54.8674837689	-2.9506742355	1086	16589	614		15736	6567		969
131	51.947300828	-4.0347099074		8506			10065	4609		1285
132	51.7985008601	-4.6320131497		16649		364	13226	4890		1146
133	51.3614147325	-0.1550612598	1100	16920	355		4015	22180		1348
134	51.5365783801	0.5940303543	2205	19806			6609	4232		
135	52.2559619041	-4.0721739895		4421	696		2210	19139		977
136	52.6986871499	-1.1332017282	3116	26560			10536	11531		1799
137	51.3297965487	0.4837548564	1365	20230	396		14161	5832		1314
138	53.3703959127	-2.1847497998		21445			4920	24717		1430
139	51.7249054316	0.4829300301	899	25207	476		5980	20097		1527
140	51.4792992819	-0.1905113579	388	24093	671		7371	6473		478
141	51.8909054645	-2.0736473118		21739			2703	26659		1192
142	51.6805265308	-0.6277858692		31658	767		2942	14948		2129
143	53.190324876	-2.907788811		18995	535	99	16412	8930		1225
144	53.2483775766	-1.4169626873		7214	600	147	17891	17342		1432
145	50.9267428978	-0.7795401899		31427			5937	15550		3873
146	51.6173784615	0.0042996149	1288	22743	650	202	9780	7242		1133
147	51.3872397982	-2.1818396263	641	21500	446		3620	23970		1783
148	51.6384425658	-0.1898972911		24700	1021	470	12773	10202		1442
149	53.6630924887	-2.6115206451		18922		359	21515	6957		2021
150	50.7902292502	-1.830491217		27888			4849	12478		4201
151	51.5074882791	-0.13866782		19264	778	98	8188	7574		664
152	51.8331012626	1.1594338245	1975	22867	535	292	10799	5577		
153	53.5977761769	-0.2445356726		18939			14641	8192		3194
154	52.9639412087	-3.137611323	1100	10477			13311	5965		819
155	53.1210523987	-3.4925179576		15833		96	9414	5801		864
156	55.8802423223	-4.0662634088		3374			27728	3519	7014	
157	51.8881815085	0.9000642839	705	15169	694		5680	22151		1350
158	53.5924156913	-1.8563660017	1893	20440	867		14589	15603		1163
159	53.1614423393	-2.3051673864		23250		276	8747	16187		2147
160	54.4761150543	-3.3221289628	1474	15866	389		19699	4365		994
161	52.4743919636	-0.5452206766	2525	22886			20991	7834		
162	50.6261079745	-4.6121793194		19531			1971	22512		2300
163	50.4370399823	-4.448104471		22390	826		3507	19170		3083
164	51.8065429406	-1.9173902013		29075	940	428	5886	16211		2292
165	52.4267257797	-1.467597472	1863	9609			21384	7210		1291
166	52.4313019385	-1.5554081469	1666	13648	497	640	19936	8344		1295
167	52.3917817899	-1.5211555904		15352	639		19197	8278		1767
168	51.1254769214	-0.1820309084	1672	21264	598	143	15336	6844		1382
169	53.0626196466	-2.4298106828	1043	23420		177	17374	7656		1414
170	51.3667604286	-0.0498559364	1448	19567	581	3239	16688	6553		997
171	51.3992519406	-0.1032349359		12466	1017	111	28947	7226		891
172	51.3307231957	-0.1027596093		28684	981		11287	12866		2504
173	55.9751647464	-4.0952735786		3407			23549	3924	9794	
174	51.7179835601	-3.451592056		3010			15681	4120		1001
175	51.5308794053	0.1831558552	4952	15183	296	308	17813	3806		1569
176	54.532012199	-1.5566357832	1262	13503			16891	10046		1194
177	51.4215240852	0.2632575214		24428		264	13800	7361		1842
178	52.3075756082	-1.0316528987		29252	770		8168	10064		2333
179	53.2428900475	-3.2207641957	844	12811			15083	5747		655
180	53.4538566862	-2.1275923503		9360		297	19191	6727		2060
181	52.921814822	-1.4907944065	2000	14283		264	14896	12638		829
182	52.8924026211	-1.4609184645		11729		1357	17851	8430		1821
183	53.1149510665	-1.6735359654		24378	772		9061	10512		1779
184	52.9647724383	-1.4272544067	1698	22877			11585	9711		1252
185	53.2465043315	-1.459217886		15503			17948	10947		2636
186	52.831040435	-1.5595351975	2193	22935			15807	8012		1206
187	51.3474664133	-1.7772318529		25519	813	566	4711	12514		2076
188	50.7399324311	-3.777020386		27737	1044		3715	18507		2870
189	50.7162580853	-3.3498854325		25662	815		5721	16548		4346
190	51.0698631782	-3.9148530551	614	18484	697	588	2671	24305		3720
191	50.3824211515	-3.9736174062		27908	641		6193	12034		3084
192	50.7642692239	-4.1835109181	766	25230	1050		2917	22273		3021
193	53.6259392289	-1.6659756865	3265	18898	849	3813	17372	9150		
194	53.5038144587	-1.0535923385	2112	12877		877	16472	7422		1904
195	53.5357064846	-1.0868014382	1762	10340		970	16569	8795		1421
196	53.5858711083	-1.1388033004	2818	8728			19637	6174		1797
197	50.7490683169	-2.0894771164		20831			2748	21100		2109
198	50.9027503161	-2.1638094851		27640	546		2910	20015		2812
199	50.6546471078	-2.1926424799		22667	595		15224	9557		2034
200	50.7897305898	-2.5893476949		27287	675		3815	23364		2196
201	51.1789713842	1.2886911356	1104	22174		82	16900	7962		1747
202	54.651592	-5.718384			1043	21181				
203	54.21386	-6.152344			901					
204	52.5222771496	-2.1066136066	1899	14274			14923	4066		3267
205	52.4922779762	-2.1373560337		16450			12594	5989		3132
206	51.444237546	-0.0915552355		10684	1266		22461	13096		707
207	54.9872118504	-4.2785782776		16501			23950	4608	6419	695
208	55.3646429349	-3.4576060036		17457	510		13263	9080	4945	637
209	55.93558467	-4.273969964		7431			16367	18551	5054	545
210	55.9849141496	-4.5176756443		3242			25905	3434	8497	683
211	56.5118136788	-2.8465921637		6177	542		13529	4285	15350	431
212	56.5050423071	-3.0629989623		3461		365	17994	4233	10716	
213	56.083644955	-3.5232490585		3305			22639	17169	5201	633
214	54.7641135167	-1.565992853	1153	6146		172	20496	17429		856
215	54.8597393114	-1.6324270802	1686	8622			20698	8617		1344
216	54.7729052537	-1.9510331592	1852	8766		2472	18539	10927		1259
217	52.8461921666	-4.0010686795		6447		1310	4021	3538		776
218	51.5151762975	-0.2829128681		17944	737		14228	13041		765
219	51.5375497359	-0.3507925202	1045	14722	505		24023	6283		685
220	51.5071297478	-0.3591332334		12733	705		22024	6383		
221	54.7763585833	-1.3556570862	2317	4790			20579	5597		1631
222	51.5238591616	0.0570516409		7645	586		35471	5849		
223	55.6647442008	-4.0743974383		6613	1003	299	26241	5052	11738	
224	55.941990207	-2.7208615083		9661	862		21919	8288	7883	548
225	50.780674767	0.25936273	939	21223		1327	2497	24658		1305
226	50.927950838	-1.3224027464		21102		154	5153	24966		1933
227	53.1074298207	-2.6561058785		23472			9794	10217		1931
228	55.9444035214	-3.1392311814		4358	2035		17314	7751	8133	
229	55.9697101447	-3.2050464992		7079	1062	128	17740	16016	4568	
230	55.9120812653	-3.1723451601		9452	881		15215	14899	3354	
231	55.8845034513	-3.3150782572		11026	872		19473	8194	5530	
232	55.9530367639	-3.3509265777		10767			12881	16684	6115	
233	51.6289214906	-0.0530890356		12052	516	127	21665	4252		1036
234	53.2775738951	-2.9295924527		15419		782	19750	6663		1619
235	53.8352003451	-1.4018406069	1802	23778		250	19257	9109		1593
236	51.4557044247	0.0548944508	1745	15753	419	104	17416	5299		1011
237	51.6686185941	-0.0793520552	1228	18804	489	91	17112	5403		938
238	51.6421984562	-0.1257867061		21928	632	391	14302	6124		505
239	51.6815681772	0.0630703932	1982	25148	659		6641	10017		1852
240	51.3303414006	-0.2666259611		30868			6538	14734		2549
241	52.9216809321	-1.3085169018	2337	18805	534	464	16304	8343		855
242	51.4926101044	0.1323770201	2184	13365	322		19068	5116		1139
243	51.3569164842	-0.3807279317		32134		378	5829	13541		1783
244	50.7265227919	-3.5190355247	673	17221	792		19942	10581		1930
245	56.0167985076	-3.8446744621		5698			23207	5225	15364	1283
246	50.8573851192	-1.2273301007		30037	791		7719	12945		2235
247	51.2626755749	0.7229840705		26250	890		7748	9162		1722
248	51.4587278834	-0.4055954026	1714	16516	530	505	21174	6679		992
249	54.354958	-7.443237				21300				
250	56.306441949	-2.9670694944		8715			6869	17763	5685	1032
251	51.5394562639	-2.5961317518	1328	19686	441		12772	12197		1506
252	51.5879327068	-0.1899539319		21688	737		15879	8036		817
253	51.0626939278	0.9851628209	1662	26109	637	247	5719	15987		2439
254	51.8371333625	-2.4684124936		22853	923		11789	10676		2522
255	54.933453	-7.267456								
256	53.7833769951	-2.9163990168		22826	654		8624	9641		1945
257	53.3890558067	-0.4689248376	1512	24266			7701	13707		2065
258	53.3587021042	-2.8531312926		6908			25493	8616		1540
259	54.9458453967	-1.5985700159	1787	5716	379		20712	8163		1103
260	52.9845284577	-1.08761654	1598	17962			19821	7350		1459
261	51.3755690214	0.5931984088	1149	21624	356		12944	8484		1515
262	55.8499750757	-4.2582287228	616	2158	800		15908	5010	5357	246
263	55.8562137584	-4.1383996946	677	1453			19797	1617	7957	209
264	55.8959800164	-4.288428697	296	2089	947		13181	9283	3530	
265	55.8830121406	-4.2163438364	798	1569			20100	2262	4158	
266	55.8926067911	-4.3495388519	699	3537	882		19233	5622	5430	
267	55.8155464118	-4.2716677655	637	4592	961		20736	4739	8078	
268	55.834502508	-4.3450479275	841	2084			19863	2870	5192	
269	56.1848326126	-3.1592186505		2922			25247	3108	8799	425
270	51.8472228306	-2.2417669853		20267	511		17847	9767		1808
271	57.3435260208	-2.504364957	699	9111	752		9811	17575	10827	
272	50.8110697687	-1.1739376664	1004	24300	573	493	7944	9887		1496
273	51.6418535743	-4.0908991782	963	13333			16016	7947		652
274	52.8164566057	-0.4801426061	2485	26552			9503	11726		1604
275	51.4051419316	0.3950111513		22956	675	465	13644	6293		2265
276	53.56178036	-0.095129391	1517	10063		835	10777	7388		2043
277	52.6406901578	1.6612929776	1421	18571	416		14295	6188		2066
278	51.4853917195	0.0315056877	1151	10109	1054	65	20262	7498		
279	51.1892712199	-0.5562624858		29618			2812	21836		1021
280	51.5622215392	-0.0723442874		6759	2133	96	25553	11092		
281	51.5432294244	-0.0551202405		5800	1493	95	23888	9600		651
282	52.461732421	-2.0511938018		18115		433	16092	6515		2824
283	53.7387081602	-1.8739027929	2760	14806			16278	8335		654
284	53.7708776309	-0.6949595178	1583	24486	669		7630	12884		
285	53.3491880305	-2.7484287288	1563	8339	647		23843	5718		1228
286	51.5050879817	-0.2303282744	432	17261	696	135	20810	7567		551
287	51.0913985499	-0.9517272174		29137			4043	15640		1477
288	51.2710277127	-0.9929831628		32075			5173	13478		2213
289	51.2637831331	-1.3739134605		31072			6980	12489		2751
290	51.5474633322	-0.1918560092	328	17290	759	91	17332	16491		408
291	52.5206134559	-1.0145606466	1715	26894		228	6981	17097		1462
292	51.7663081661	0.1156848548	1739	19691			14766	5990		1591
293	54.0303141672	-1.4767856765	1094	24305			3413	23266		1056
294	51.6108529764	-0.3172177985		21435	793		18032	6850		896
295	51.5785623214	-0.3530828644		16968	625		20111	7458		954
296	54.6690704222	-1.255605197	2002	10758			16267	6533		2682
297	51.8924395605	0.9879717062	1065	23001	909	170	9774	11554		2527
298	50.9212441727	0.6651285015	1310	20468			18475	7825		1397
299	50.8322055791	-0.9854795158		22433			7777	10273		2611
300	51.4948618074	-0.4436756242	1520	12553	348		23377	3726		
301	53.3989929638	-2.071585934		14114			5234	20485		2148
302	51.7857927452	-0.4797649321	1615	24721		271	10295	11315		1254
303	53.6361870287	-1.3730225467	3059	10662		3946	20506	5667		
304	51.6099167417	-0.2455580326		19635	518		19529	5734		958
305	51.6696993581	-1.0769324235	1020	30054	1328		5835	13466		1817
306	51.9756859523	-2.810734323	986	22366			3506	19885		1638
307	52.1670923374	-2.712620191		24631	1533	586	3373	14744		2701
308	51.8148465101	0.0413065198	1297	29810		325	7620	14373		1716
309	51.9339940412	-0.0570530476		26995	875	209	8291	11801		2075
310	51.7251327126	-0.5530560826	1302	30773		846	6526	15853		1450
311	51.6772828396	-0.2810963534	1397	26476	604		8871	8210		1712
312	55.0599697391	-2.2401129289	1205	18795		1974	8253	13007		
313	53.597426488	-2.215122584	3239	12528		170	18499	10474		1215
314	53.3730691016	-1.8738987976		20587	922	161	15910	10993		1690
315	51.8705789492	-0.3213476767		29869	807	109	7413	14598		1663
316	51.542956766	-0.1414846409	779	11134	1480	96	25198	15256		587
317	51.5704655744	0.2508455759	3421	27469	542	305	11098	7426		2848
318	51.5897649496	-0.1307318754		9174	1261	201	18720	25595		
319	51.0619887271	-0.2949984177		29447	570	87	4189	17987		2839
320	54.8517380199	-1.4503667073	1961	8147		2462	19137	5292		1022
321	50.8479905811	-0.1974280878		18294	2568	85	16426	11240		1206
322	53.6527665787	-1.7592437997	1563	11253	1641		15725	10023		
323	53.7595780522	-0.2924023018		5667			16387	7790		2745
324	53.7819298345	-0.3517673369	1443	4365	478		13044	12403		1358
325	53.733898876	-0.3928837811	1416	6361			13378	7636		1688
326	52.2835971222	-0.2322758742		26516	652	1432	5982	15697		3258
327	53.7500987331	-2.3792348456	2137	14441	463	378	17531	5033		1481
328	51.5966476288	0.0876886801	1545	21506	572		16102	5966		871
329	51.5648548261	0.0899010147		14014	1319		25301	8679		1132
330	55.9044035094	-4.742694197		4502			20993	5007	6577	433
331	57.214592866	-4.1557955032		6278	789		10407	19172	8803	574
332	52.0501028218	1.1661830559	1270	18371	775	93	16292	8556		1365
333	50.675963409	-1.2962074421	1457	32810	931	175	8169	22283		2435
334	51.5596147027	-0.1143427946		6339	1348		24276	11875		716
335	51.5374959272	-0.1062092007		8449	710		18407	14838		701
336	51.6603467124	-3.1586813386	1320	4854		1495	17069	3597		930
337	54.9554738751	-1.4776214143	2709	8002			20910	7163		
338	53.8774260767	-1.9262986424	1962	20003			17063	7059		1470
339	52.2633578423	-1.4568789776		25945	568	362	6949	13393		1214
340	51.5066752184	-0.1999237443		17595	753		8979	6872		754
341	52.4261605005	-0.765497724	1366	23247			14153	7498		
342	55.5826240111	-4.3039972005		6592			24460	3419	12082	
343	51.3780453328	-0.2903547368		20868	555		5337	28428		1450
344	51.4528154688	-2.4738774817	1311	19362	383		16917	8072		1528
345	56.1022175363	-3.2795684259		4258		184	29559	4269	6550	760
346	53.4494629381	-2.8516867672	1895	4004			31650	5964		1145
347	54.441296	-6.108398								
348	55.7308476434	-3.7943105993		6981		670	23258	5249	9780	616
349	53.573289055	-2.866837339		17540	485		21883	6573		1775
350	53.9947727052	-2.7384038779	938	15404	1888	213	15071	8167		1020
351	53.7783108775	-1.5366729676	3066	7541		409	18434	7789		
352	53.8074631544	-1.4596620653	2947	8763			19056	6618		
353	53.8489268709	-1.5361124406	758	15742			20287	9310		842
354	53.8766091374	-1.6318338635	766	11550	508		9132	20653		600
355	53.7999796705	-1.6150893696	2377	7641	1832		16389	9373		1140
356	52.6469213618	-1.0865568274	1700	11722	733		25804	6817		725
357	52.6128770236	-1.1282607891	1418	10066	770		21479	12671		720
358	52.6490123976	-1.1624637919	2158	9728	639	181	13745	8107		883
359	52.7531509832	-1.4050097259	3396	23147			15636	8639		1134
360	52.5146436634	-1.1977067945	2721	27000			11392	11476		1988
361	53.4914024366	-2.5133822154	2724	9284		988	21295	8049		1535
362	50.8686493875	0.0455647313	594	18401	729	80	2508	26048		1728
363	51.4666727183	-0.0312785572		5551	2772		22132	9633		
364	51.4421432016	0.001511002		9850	624		17966	11750		771
365	51.423111808	-0.0483300497		11489	931		18501	12673		1117
366	51.5684854229	0.0133576677	561	8928	562		17511	11095		1080
367	52.7579426638	-1.8336381006		28048			10230	10365		2920
368	53.2164170325	-0.5621292668	1367	17163		222	16105	9256		1004
369	55.9459050056	-3.6741106326		6146			25634	6589	13081	
370	53.3942663428	-2.9674176234	706	4243	1355		22998	8825		674
371	53.4463166918	-2.9484348714	1104	2241			24709	4891		898
372	53.3995974705	-2.9168601451	150	2830	598	149	20132	12965		890
373	53.4359493274	-2.9015144001		3311			22953	4486		1093
374	55.8614574074	-3.5359321031	960	5158		149	23215	5316	12424	443
375	51.7208896619	-4.1907502466		5381			15916	3902		1047
376	54.980766	-6.904907								
377	52.7713271812	-1.1774490968	2040	21971			18227	9675		925
378	53.2908233576	0.0076583536	2199	25065			8760	11194		2183
379	52.4798502701	-2.7209790235	1016	25720	447		3272	15971		2127
380	51.9069861549	-0.4533786315	1316	13672	490		21192	4784		1564
381	51.8706658717	-0.4122836792	1299	12396	366	1872	14725	9567		975
382	53.2617352335	-2.1197266745		23503	840		10164	11544		1418
383	51.5001854911	-0.7923444525	825	31937	482		3795	15168		1243
384	51.1679180607	0.5154775986		23491	655		4769	17602		1637
385	53.516882601	-2.6311818722	3229	8210		3424	20700	7082		
386	51.6808102251	0.7112966278	1464	28661			6070	9254		2446
387	53.4818426311	-2.2079536274	1636	4704	915	120	21059	10620		607
388	53.4518350631	-2.2033100372		4224	1048		19211	12508		
389	53.4271574322	-2.2431139127		5005	798	147	18216	20110		698
390	53.1707313123	-1.1727696149	2108	12741			18753	7469		2985
391	50.9597597083	-1.1348238682		28818		134	3266	16693		1490
392	52.411639389	-1.7113432857	2511	26956	678		10703	9278		1378
393	51.7403694668	-3.3350280303	1173	2412		1845	14007	9951		872
394	54.5583548844	-1.2348687202	1954	6283		1969	15351	6662		1236
395	54.535553174	-1.0104198191	1576	16461		818	18138	7340		1881
396	55.8322145084	-3.1103837177		4661	595	196	18449	6711	8100	364
397	52.108233968	-0.7290064114	1154	23419	733	95	14458	11894		1772
398	52.013841039	-0.7464717518	1502	23034	774		17833	9787		2074
399	51.4009722579	-0.1713876521	1386	11056	381	155	24722	5202		857
400	51.2226583766	-0.3728512108		31263	895		3804	15610		2752
401	51.7694468213	-2.8743006855		22466	587		12041	9026		1126
402	52.6266303489	-3.4226872948		13976		324	2407	12792		1128
403	57.4759211182	-3.267179004		10683			7007	5956	16273	1085
404	54.1149852892	-2.7504366052		18035	598		17169	5791		1843
405	53.7278041925	-1.5534831212	3535	17264			18365	8186		1506
406	55.7875680696	-3.9546685776		3660			23910	3840	7104	
407	57.9113146737	-6.8676954442		647		1412	4838	1097	6723	
408	51.723760035	-3.7556488587	1342	4847			17172	5535		829
409	50.8513540471	-1.5218145083		26443	1024		4915	15136		2518
410	50.8665090896	-1.7434740256		27980	1059		4666	11084		2783
411	53.1260928292	-0.8664764719		27590			11438	10246		1954
412	51.4547439952	-1.3465882402		33057	490	158	2505	20809		1475
413	53.0318950283	-2.2855672212		14841			16393	8466		3491
414	54.9834564713	-1.6497531549	2302	6611	568		15694	8228		754
415	54.983863211	-1.5746964534	1342	6068	620		17043	12590		
416	55.0226372525	-1.6837408439	1890	7966	319		17950	14536		1285
417	51.5743560539	-2.8590959259	1168	7918			12744	11094		677
418	51.5697360603	-3.0301237911	1183	12845	450		16389	6587		1144
419	54.297295	-6.61377				656				
420	50.5507742991	-3.5743340754		20774	701	82	3387	20251		3088
421	52.6492099831	0.9301009558	1261	25123	1457		8857	11267		2800
422	52.8517458433	1.2574534798		15928	508	95	2896	27554		2680
423	52.8272500747	0.5343315506	1839	25916	745		6353	11106		1841
424	52.5049880435	1.3063019138	1086	27133	1000		7252	16193		2329
425	52.5536325605	0.5806296662	1774	23753	830		9119	10613		3061
426	53.6982621318	-1.331153049	3864	11314		1183	22293	7585		
427	52.2645486423	-0.8697433631	1316	13735	443	334	11799	11250		1238
428	52.2437304928	-0.8868669771		15917	363	2242	9913	7579		1897
429	52.1193749163	-1.0413833962		33081	685		10380	12603		2406
430	52.6532247702	1.3111117837	747	17280	1245	143	13379	7783		1878
431	52.6244938782	1.2750674248	697	10902	7095		13650	13960		1145
432	52.966839545	-1.1373073803		7846	928		15022	8053		1138
433	52.9892630116	-1.1975145644	1944	8508			16646	5849		1338
434	52.9364422611	-1.1840004794	1140	13437	630		15209	9406		967
435	52.5231167728	-1.5184477648	2797	18536			16467	6846		
436	56.3155720164	-3.7191150244		10342	609		19131	5754	13944	689
437	51.5753711025	-3.5539652629	1242	5398			18644	5260		780
438	51.4377046112	0.1185422666	2132	24625	371		8768	6996		1532
439	53.5573213892	-2.0189166948	2546	11773			14186	14083		1720
440	53.5442714036	-2.1354721723	3049	10151			19503	8193		1387
441	59.8682272144	-1.9412511651		2032			2061	11989	2042	1222
442	51.3497189534	0.0800531813	1241	29200	511		4400	12000		1360
443	51.746268796	-1.223488398		9727	1238		21938	17357		1202
444	51.7465577415	-1.2992422553		23906	1184		5999	23730		1518
445	55.8825636627	-4.5076352457		6381		550	23613	4597	8333	
446	55.8147257861	-4.5756745331		3979		513	23842	3812	7228	
447	53.8655033044	-2.1849251912	2894	17512			13927	9095		1476
448	53.4979937573	-1.6232134434	2207	14516			17565	9800		1936
449	54.7233554683	-2.6824075214	1093	24071			5834	12830		1259
450	56.659057468	-3.8611672841		14739			7923	5954	19118	
451	52.6174568899	-0.1606648033		18133	523	406	13272	8816		3007
452	50.4133251862	-4.1415423186	1438	13845	398		15433	7016		3188
453	50.3800141348	-4.1409489556		15050	904	233	13901	10829		2854
454	51.5682395004	-3.355235322		5932	361		14220	11435		1229
455	50.7206771329	-1.9690380594	1188	22532		177	6041	14991		2507
456	51.5076308005	-0.0248930716		12649	449	293	18679	5209		565
457	50.830484505	-1.0777688334		19533	461		12244	8874		1812
458	50.7949912094	-1.0801694922	873	13721	716		5640	18921		876
459	51.9049048817	-4.909156064		16944			12339	5759		906
460	53.7693056962	-2.6919334355		7060		108	15668	7935		1462
461	53.8398173349	-1.6918212785	1549	18874			17215	10224		1221
462	51.4526448821	-0.2244200229	459	21223	591		11170	6907		435
463	51.6072135854	0.6801652433	2160	30257			7577	7919		2211
464	51.4584812859	-0.9484279301		21269	1069	111	12729	13664		1086
465	51.4555157651	-1.0441232215		20523	582		14519	9546		1508
466	54.5897587092	-1.1081639616	1475	5790			13741	18955		1875
467	52.2424077978	-1.984913413	1394	19138	393	100	13317	7750		1497
468	51.2575313756	-0.1933506709	1345	26688	1087		5672	13097		2089
469	55.7530036398	-4.3594080468		15567			25987	4720	4535	372
470	51.6525439336	-3.4879284751		1993		2599	17183	3309		358
471	53.8947478528	-2.4595903995		26298			11529	10732		3496
472	54.3659985615	-1.7276532178		33541	1516		8150	10205		
473	51.4476953314	-0.2788596784		29461	572	84	2979	25370		669
474	53.6327930998	-2.1092711803		8305		313	16699	15810		1999
475	51.4403874842	0.5667779652		23604	734		13651	7800		
476	51.5700486089	0.8565940343	1856	19509	707	611	8459	8084		2405
477	51.591186435	0.1803986342	2438	26031	447	151	9077	5572		2050
478	51.0723339278	-1.4994476875		24345			3116	20189		1289
479	57.2690941222	-5.3593965408		4260	777	279	5265	18335	5263	659
480	53.6821745411	-2.3454867778		19691		113	15198	8541		1617
481	53.3734465502	-1.2395886401	3606	13281			19147	8111		2613
482	53.4317886411	-1.3684853856	3906	6279		2366	16741	5994		2220
483	52.4238950949	-1.334684968	1375	20901	451		14901	9434		406
484	51.5930624305	-0.4382097113		28866	740		9806	8345		1351
485	51.3878194601	-0.5260374093		26915	696	541	6446	10406		3146
486	52.879199432	-1.0822114446		27470	1251		11128	11659		2179
487	55.7959249504	-4.131901706		4540			28566	5636	7564	675
488	52.7062012245	-0.7926340422	1757	28228		588	7893	14228		2526
489	51.903599001	0.3102919878	1050	30155	735		5288	14913		2228
490	51.7321400586	-0.3380627969		21533	758		9288	19228		2028
491	50.3721180007	-4.872875485	1022	18877			3386	20189		1757
492	53.4794407996	-2.7160971491		9940			23041	8992		2100
493	53.4234814065	-2.7444886968	2040	8209			24364	10242		1226
494	50.0970826915	-5.4404095578		17900	1308		3751	19619		2560
495	53.4992812441	-2.3129747026	2632	8497		384	16655	10930		1084
496	51.0910359355	-1.8142852691	765	23859	506	257	3690	17893		1392
497	54.3864600252	-0.6685849624	1445	21108	734	329	12978	11093		1484
498	53.5287520021	-0.5890928018	1447	12091	396		14640	6774		1686
499	54.6120938867	-1.5096829927	2075	9445			18141	8033		1479
500	53.5260023858	-3.020008345		16445			20307	9656		2055
501	53.8414481634	-1.2000196307	1377	25562			13297	9180		1635
502	51.3102269905	0.1817870539	1384	28076		258	6541	10561		1782
503	53.4156422802	-1.4671105733	3026	4468			21400	7768		1596
504	53.3762614662	-1.4738885115	903	4206	1556	40	17138	16973		652
505	53.3819324919	-1.5897913592		12040	919	429	8228	27324		1195
506	53.3457285348	-1.4571612093	2260	7081	989		17409	11602		1530
507	53.3639534633	-1.3850664278	2345	7202			20169	9664		1889
508	53.1175541147	-1.0808497768	1754	19211		219	18997	7283		1490
509	53.8502322675	-1.8231100039		24002	1477		14058	9890		
510	52.6692355075	-2.7801821821	1168	23313	565		10915	15369		1627
511	52.8665690839	-2.7719404224	1667	26692	808		9406	10864		2432
512	51.3677992349	0.7765711569	1305	24313		158	11930	7943		2610
513	54.0878048809	-1.9575832146	1403	27685		315	5498	17735		1909
514	53.0595555641	-0.4866502191	1977	30719			10051	10814		2163
515	51.5134093009	-0.6008066103		16361	542		21884	6943		1517
516	52.4197293799	-1.7971192573	1624	23460			4891	23635		1200
517	51.4203265032	-2.7461321254		28549			6448	20687		2257
518	51.3538111207	-2.4848532125		21130	670		16216	11433		1754
519	51.1017622645	-2.5546865686		26976			2675	28793		1932
520	52.7938484737	-0.0401635836	1796	29639	724		7024	7759		3246
521	53.6908475744	-2.8417587038	1054	23396			17842	7271		1895
522	54.973746594	-1.4086288017	2382	7886	762	729	18995	5189		
523	50.9040338187	-1.3701943273		16134	600		16326	9256		1928
524	50.9231174254	-1.4299216238		14588	881	126	17001	9865		1726
525	51.5502972583	0.6631631461	1333	20086	644	617	5850	12816		1714
526	53.6495900868	-3.0172788198		15683			4116	21707		2251
527	51.4248104061	-0.4680069248		22261		314	7789	12242		4009
528	52.7689716885	-2.1285950758	1103	22047	564		16587	8211		1727
529	53.0946704877	-1.9820194748		19793			13104	7338		3580
530	52.5791430425	-2.1805646515	1928	26834		254	10244	8427		2753
531	53.4768562222	-2.0324604912	2259	13445	679		16189	6965		1342
532	51.8817627828	-0.1941431469	1007	18491		80	14913	7432		2004
533	56.2443121002	-4.3409841626		11254	746		19558	6797	8091	395
534	53.4108275061	-2.1674926551	1201	9913	677		16697	9778		862
535	54.5925908733	-1.3233222471	1724	10247		1577	16923	6342		1556
536	54.5183813573	-1.3373015347	1553	19577		536	19245	7600		1471
537	53.0169343615	-2.1641432723	2502	6833		959	12605	7039		1402
538	53.065934992	-2.2042798668	3196	9580			17815	7120		2485
539	52.9795053514	-2.1445828794	3762	11316		434	15446	6323		1363
540	52.8892424502	-2.2096778886		23890	490		9770	10598		2481
541	52.4554413026	-2.1290411852	1696	20153	394	166	14989	7733		2103
542	54.514706	-5.751343			562					
543	52.1683280971	-1.7128782481	1097	26052	527	1032	4809	14706		1846
544	51.4387655577	-0.128297028		8578	861		20037	16778		
545	53.4463500246	-2.3525000725		12886	916		21821	7601		1508
546	51.7443076283	-2.2989616096		23679	1542	116	22380	8955		1301
547	52.2215670226	1.2211240747		27125	1452	389	8636	13339		2361
548	52.1920814146	1.4772343325		25475	1103		8812	16347		3156
549	52.0565749068	0.8887447123		24550			7368	15861		3637
550	52.2942961246	0.5978294439	1428	24312		540	7089	11262		3085
551	54.9031856058	-1.387680872	1913	12770			19495	7191		1094
552	51.2248490029	-0.048369611		31007		383	4925	14133		3770
553	51.33185904	-0.67649324		31326			5552	14037		3432
554	51.1523522091	-0.683710728	644	33605	690		3419	17287		1486
555	51.0260050431	-0.1103247717	583	28329	645		3689	20927		1423
556	51.363029428	-0.2088682126	1014	20548	246		3376	22156		950
557	52.5617354236	-1.8132417708	1749	27303	535		10298	9117		1587
558	51.6553274711	-3.9139146532	1715	4823	318		16819	5981		839
559	51.6207743437	-3.9921311258	910	7407	404	374	12335	11831		716
560	51.6159959244	-1.7508948569	1542	22408	487		15348	8668		1842
561	51.5333132442	-1.7377235191		19687	619	160	16143	8305		2029
562	52.6464577132	-1.7413223151		21238			15148	7516		2253
563	53.2977300675	-2.3917191816		24687		2243	7803	10200		
564	51.0105133005	-3.1572276802		24538			2967	28531		2114
565	52.6647477362	-2.4549027664	1513	14996			15974	6399		2428
566	51.9484364538	-2.060218793		25472	525		6253	19162		2230
567	51.3514502512	1.2452424177		22826			9298	8400		2819
568	51.2979519717	1.3187346592		22043			14426	6935		2529
569	54.1982434649	-0.9352492785		20167			5169	8886		2502
570	51.5588757147	-2.4396527417		17916			3385	25032		1709
571	51.4903855101	0.3063504173	3618	16869			16777	4901		3390
572	50.8606956146	-3.2627429582		27614	802		4907	18294		3277
573	51.2337928977	0.2594103363		29723	764		6476	11545		1911
574	51.4367707936	-0.1655033567		19514	609	190	22038	7509		624
575	50.4502444746	-3.520581571	709	19048	468		3231	23126		2628
576	51.7023976498	-3.0579478115	1657	7541	438	1419	16847	6264		862
577	50.3702167049	-3.7245472933	624	21940	1181	390	3538	17013		2890
578	51.5911318926	-0.0783673425		6064	980	143	24128	7197		466
579	50.276510976	-5.0468529011		20349	858		4697	19914		1911
580	51.1201723824	0.3860098368	704	28302	914	172	5448	12726		2054
581	51.429277222	-0.3447375906	654	20343	674		4583	32483		868
582	55.0351752761	-1.4788492624	1404	18121	538		23860	7845		900
583	55.0219218929	-1.5506460005	1860	8514			23505	10621		1306
584	54.619797	-7.410278				508				
585	54.721447	-6.795044								
586	54.39975	-6.350098								
587	51.5440244324	-0.4419245511	1396	21758	477		10542	8995		1234
588	53.2414309146	-3.4106027881	827	12508			15017	4472		515
589	51.4460006015	-3.4106542615		20341	457		16034	7403		1529
590	51.4795492305	-0.1211251484		9301	708		21498	10847		
591	53.6512285567	-1.5486756439	2581	15841	873	439	17454	7256		
592	53.4218680191	-3.0788956097		13071		107	21578	5693		1205
593	52.6057609183	-2.0171014842	2930	12395			13385	4754		1737
594	52.573907388	-1.9758944162		14456			16211	5880		3449
595	51.585095645	-0.0277980981		5734	767	117	21252	11774		823
596	55.1695588614	-1.6343383191	1418	6714	601	359	17548	10517		974
597	51.6150680118	-1.4222921322		29284	1044		7855	15737		2421
598	52.4868027085	-1.9877108641		9484			20240	5929		2617
599	53.4268897977	-2.5513438078		13364		1516	20135	9196		
600	53.3705582522	-2.5759471613		19641	427		18088	15094		1624
601	52.2686729121	-1.5824014804		20876	693	197	17363	8977		926
602	52.5448619811	-1.6270003788	2106	18993			18939	5481		1335
603	54.9080734423	-1.5000930272	1913	8157			19615	6382		1267
604	51.6726289304	-0.4072590288	1217	19291	885		14750	17866		1199
605	52.4426484178	1.5719531111		20571	1167	106	19802	6811		2684
606	51.0119702942	0.1676654647		31090	1383		5266	13911		3319
607	53.2766291484	-2.6527109285	1063	16953	338	270	15962	8196		1018
608	52.2907414844	-0.6692694654	1596	24918	480	240	13131	8848		1636
609	51.2324402402	-2.7488054626	1004	23760	631		4198	24560		1711
610	51.7751757318	-0.2018174056		27894	796	158	10471	8010		1643
611	53.4833605405	-1.3359052463	3189	7396			21316	6787		3418
612	52.5359134494	-1.9775303481	2205	10961			17657	4993		984
613	52.5290662472	-2.0364513234	3394	10612			16263	4336		1566
614	51.5305123061	0.0142265037		6888	645	1245	29422	5392		766
615	51.5266550117	-0.1805842566	334	15251	478	101	17377	5513		315
616	54.3054752096	-2.7989767117		18632			1158	30896		801
617	51.343581618	-2.881071098	1098	23356		144	5772	20665		1406
618	53.5667736907	-2.6433432781	2506	10917			21404	6797		2516
619	51.5326205723	-2.0441062199		25114	599	208	3239	17631		1908
620	51.1496479878	-2.1349935106		25321		446	5613	14954		2684
621	51.4169214727	-0.2173381247		23257	590		10550	11849		914
622	51.0919167391	-1.2897324091		27155			3051	24107		1139
623	51.4419307303	-0.6547575257	950	30172	628	198	4910	11118		1612
624	53.3286461729	-3.0294230908		15745			16276	6611		1274
625	53.3797018863	-3.1673350795		16726		506	14290	6630		899
626	51.8077232925	0.7142312096		24448	1419		8656	9252		3060
627	51.8376572381	-1.5068624929		33973	2385	166	7511	11233		2001
628	51.3006876372	-0.6001305675		26551			4246	19744		1997
629	51.4039641146	-0.990946719		28754	567	2340	5516	15262		1664
630	52.6111803067	-2.106120455	2296	11964			14448	4711		1138
631	52.5646388409	-2.0942822545		9912		338	16505	5277		2675
632	52.5855773085	-2.1605166392		16344			15653	6430		1487
633	52.1966957511	-2.211321481	1219	19358	735	129	16376	9525		1360
634	52.182580026	-2.0575055442		27770	593		7613	11906		3049
635	52.1607553719	-2.2939812655		27213	641		3661	20459		2119
636	54.7790860882	-3.2878810703	1496	13290			17865	5318		876
637	53.4827864248	-2.410725233		13555			17892	6883		2037
638	50.8424891095	-0.3166605166		23458	1126		8087	12353		2984
639	50.8198181602	-0.4352956185		25416	996		5800	13687		2924
640	52.7205043522	-2.4447655248	1505	21922			12472	8019		2050
641	53.0748748148	-2.9513198514	1134	8375			12161	8503		774
642	51.6079658371	-0.8248483936		23423		228	8326	13863		2123
643	53.8561609627	-2.7789378693		26877			10932	11033		2466
644	52.3795728517	-2.2746462744	1120	18793			7298	6040		1498
645	53.3925137279	-2.2814841385	1572	10412			17987	9107		1405
646	50.9192556496	-2.817401564	1162	18807			2991	31843		2357
647	52.2833333333	-4.3333333333		7744		2225	11490	2592		1201
648	53.9567124686	-1.0922604016	1171	12122	1669		18573	11694		1100
649	53.958936817	-1.0585482972	956	22912			9108	19224		1100
650	53.9925954897	-0.5323368994	1865	24328	762		10401	10842		2142
