51.6384425658 -0.1898972911
55.941990207 -2.7208615083
50.4502444746 -3.520581571
51.0626939278 0.9851628209
53.9925954897 -0.5323368994
55.0351752761 -1.4788492624
54.7729052537 -1.9510331592
51.3102269905 0.1817870539
51.4367707936 -0.1655033567
51.5333132442 -1.7377235191
50.675963409 -1.2962074421
51.6696993581 -1.0769324235
51.3992519406 -0.1032349359
55.7308476434 -3.7943105993
54.9458453967 -1.5985700159
53.56178036 -0.095129391
55.3646429349 -3.4576060036
52.9216809321 -1.3085169018
53.6179435396 -2.3199256292
51.4667071579 -0.1620596743
57.0411115835 -2.8592460824
51.9910676403 -1.2863027818
50.7265227919 -3.5190355247
52.6469213618 -1.0865568274
51.3809947437 0.0055233913
51.6771171308 0.2656038588
51.4587278834 -0.4055954026
52.5338206603 0.103242022
54.5183813573 -1.3373015347
52.0501028218 1.1661830559
51.3614147325 -0.1550612598
53.5520130733 -2.4171651789
51.6772828396 -0.2810963534
50.4133251862 -4.1415423186
51.5050879817 -0.2303282744
50.7642692239 -4.1835109181
51.3802414533 -2.3667312098
51.363029428 -0.2088682126
50.780674767 0.25936273
54.8517380199 -1.4503667073
51.1523522091 -0.683710728
52.747436876 1.179320644
51.5076308005 -0.0248930716
51.5700486089 0.8565940343
53.3457285348 -1.4571612093
51.542956766 -0.1414846409
51.7857927452 -0.4797649321
51.0698631782 -3.9148530551
52.5536325605 0.5806296662
52.1319035316 -0.4642708409
54.535553174 -1.0104198191
52.7689716885 -2.1285950758
51.0910359355 -1.8142852691
52.2437304928 -0.8868669771
50.8110697687 -1.1739376664
51.4526448821 -0.2244200229
55.8155464118 -4.2716677655
52.9364422611 -1.1840004794
51.4621459836 -2.5902611697
51.6815681772 0.0630703932
57.3435260208 -2.504364957
52.6532247702 1.3111117837
51.4051419316 0.3950111513
51.6603467124 -3.1586813386
51.4793726398 -0.3221845353
52.7062012245 -0.7926340422
52.7124017382 -1.9802171694
52.4238950949 -1.334684968
51.4419307303 -0.6547575257
53.8352003451 -1.4018406069
51.4792992819 -0.1905113579
55.6647442008 -4.0743974383
52.4068814694 -1.9693557752
53.5763486571 -2.5199136895
52.4798502701 -2.7209790235
53.032971078 0.060812008
52.4525181059 -1.9655064572
51.5375497359 -0.3507925202
53.7953749854 -0.2301144936
55.8614574074 -3.5359321031
52.2835971222 -0.2322758742
53.2483775766 -1.4169626873
51.8376572381 -1.5068624929
51.3872397982 -2.1818396263
51.5502972583 0.6631631461
51.4547103053 -2.5393260419
51.8148465101 0.0413065198
55.0226372525 -1.6837408439
56.1022175363 -3.2795684259
52.2635023183 0.2885331209
51.5911318926 -0.0783673425
54.8674837689 -2.9506742355
51.4105410913 0.0562759162
54.973746594 -1.4086288017
52.108233968 -0.7290064114
50.9231174254 -1.4299216238
51.3667604286 -0.0498559364
54.1901874189 -3.1600607945
53.4818426311 -2.2079536274
52.1683280971 -1.7128782481
56.123561212 -5.501506696
52.7938484737 -0.0401635836
55.8322145084 -3.1103837177
51.4557044247 0.0548944508
52.013841039 -0.7464717518
53.3942663428 -2.9674176234
53.74391151 -2.4971448198
52.5206134559 -1.0145606466
53.5287520021 -0.5890928018
52.6492099831 0.9301009558
51.3677992349 0.7765711569
52.6174568899 -0.1606648033
51.5622786569 -0.6180059698
51.5074882791 -0.13866782
51.7751757318 -0.2018174056
52.1966957511 -2.211321481
51.7251327126 -0.5530560826
51.4528154688 -2.4738774817
51.5267116211 -0.0478575213
51.903599001 0.3102919878
53.4271574322 -2.2431139127
52.2633578423 -1.4568789776
53.2164170325 -0.5621292668
51.5704655744 0.2508455759
54.5583548844 -1.2348687202
52.8517458433 1.2574534798
51.5326205723 -2.0441062199
51.343581618 -2.881071098
51.4547439952 -1.3465882402
54.7641135167 -1.565992853
52.2942961246 0.5978294439
53.8766091374 -1.6318338635
51.6173784615 0.0042996149
51.4926101044 0.1323770201
52.6692355075 -2.7801821821
56.5118136788 -2.8465921637
52.2645486423 -0.8697433631
51.8817627828 -0.1941431469
53.5561645169 -2.3047845353
53.6259392289 -1.6659756865
56.2443121002 -4.3409841626
51.5001854911 -0.7923444525
51.9339940412 -0.0570530476
51.5308794053 0.1831558552
51.5432294244 -0.0551202405
51.42354005 -2.5979476932
53.4992812441 -2.3129747026
53.7819298345 -0.3517673369
53.3730691016 -1.8738987976
52.5049880435 1.3063019138
53.5924156913 -1.8563660017
55.8562137584 -4.1383996946
52.2686729121 -1.5824014804
55.8499750757 -4.2582287228
55.0920728187 -1.5513046596
52.4426484178 1.5719531111
51.429277222 -0.3447375906
52.1670923374 -2.712620191
55.1695588614 -1.6343383191
57.214592866 -4.1557955032
54.9834564713 -1.6497531549
51.5474633322 -0.1918560092
52.2215670226 1.2211240747
51.3878194601 -0.5260374093
52.4313019385 -1.5554081469
51.4039641146 -0.990946719
51.7249054316 0.4829300301
51.5394562639 -2.5961317518
52.921814822 -1.4907944065
51.0619887271 -0.2949984177
51.4584812859 -0.9484279301
52.2907414844 -0.6692694654
50.3702167049 -3.7245472933
51.5047952515 -3.1633179837
51.8881815085 0.9000642839
53.190324876 -2.907788811
51.9755847812 0.578174813
51.6421984562 -0.1257867061
53.576514734 -1.4884803998
51.2324402402 -2.7488054626
51.1254769214 -0.1820309084
53.3995974705 -2.9168601451
51.6159959244 -1.7508948569
53.778933641 -2.2219467564
57.1207132742 -2.1819499272
52.1642018975 0.012226707
51.1789713842 1.2886911356
51.591186435 0.1803986342
52.6406901578 1.6612929776
53.9947727052 -2.7384038779
53.5357064846 -1.0868014382
51.6553274711 -3.9139146532
52.2021071985 0.1310993969
52.5791430425 -2.1805646515
50.7206771329 -1.9690380594
53.9567124686 -1.0922604016
53.7178836698 -1.9922301749
53.0169343615 -2.1641432723
53.7500987331 -2.3792348456
51.7023976498 -3.0579478115
51.7403694668 -3.3350280303
51.8705789492 -0.3213476767
53.5426655258 -1.407742667
50.3800141348 -4.1409489556
51.5966476288 0.0876886801
51.8331012626 1.1594338245
53.1175541147 -1.0808497768
50.5507742991 -3.5743340754
51.4630452632 0.1629602641
51.6686185941 -0.0793520552
52.6244938782 1.2750674248
51.5305123061 0.0142265037
51.9069861549 -0.4533786315
53.0930638382 -1.2720119452
50.8686493875 0.0455647313
52.6128770236 -1.1282607891
51.0260050431 -0.1103247717
51.4377046112 0.1185422666
51.6726289304 -0.4072590288
51.466937831 -3.1524598584
51.3474664133 -1.7772318529
53.4914024366 -2.5133822154
52.8665690839 -2.7719404224
51.2575313756 -0.1933506709
57.2690941222 -5.3593965408
53.7998650586 -1.8155581321
51.3778622228 -0.79955641
51.1201723824 0.3860098368
56.3155720164 -3.7191150244
52.411639389 -1.7113432857
53.4768562222 -2.0324604912
51.536791492 0.1165883601
53.4108275061 -2.1674926551
51.1353747349 -3.3242828737
51.6289214906 -0.0530890356
51.8065429406 -1.9173902013
51.5697360603 -3.0301237911
51.6170569971 -3.7259562931
52.5249978151 -1.8374300063
55.9697101447 -3.2050464992
51.4009722579 -0.1713876521
52.361759852 -2.0160369997
54.0878048809 -1.9575832146
54.3864600252 -0.6685849624
53.3819324919 -1.5897913592
51.5266550117 -0.1805842566
51.5440244324 -0.4419245511
51.6207743437 -3.9921311258
51.8706658717 -0.4122836792
51.3497189534 0.0800531813
51.5684854229 0.0133576677
53.0626196466 -2.4298106828
50.8479905811 -0.1974280878
51.3297965487 0.4837548564
52.9795053514 -2.1445828794
51.7443076283 -2.2989616096
51.4853917195 0.0315056877
51.8924395605 0.9879717062
51.585095645 -0.0277980981
53.6512285567 -1.5486756439
55.8926067911 -4.3495388519
53.2766291484 -2.6527109285
52.8272500747 0.5343315506
51.5686917268 -0.2926757268
