20.6945589353896
12.0796276782763
12.4626139022168
0.663195326318213
6.8106001341211
13.9238851264443
8.19463832292412
4.00941258140987
9.38734864566859
8.19463832292412
13.9133728940956
8.19463832292412
8.19463832292412
8.19463832292412
8.19463832292412
64.9214376227588
9.49993985460973
8.19463832292412
8.19463832292412
8.19463832292412
3.92422477697134
9.93230646007607
8.19463832292412
4.346990312439
4.71182300343755
8.98043428554263
8.19463832292412
25.7392159656419
8.19463832292412
8.19463832292412
11.9182229776333
8.19463832292412
11.4737550527471
4.45500831181261
17.4433989068534
8.19463832292412
8.19463832292412
11.320705483755
60.5209290838175
8.19463832292412
8.19463832292412
8.19463832292412
8.19463832292412
8.19463832292412
38.4524978014845
8.19463832292412
6.77852544928909
8.19463832292412
8.19463832292412
8.19463832292412
8.19463832292412
8.19463832292412
8.19463832292412
8.19463832292412
4.00941258140987
7.27469613786957
21.582565539185
1.06621226282942
4.71182300343755
8.80822506047433
1.71701232505038
29.9243113362986
23.260655272446
7.41821418061058
8.19463832292412
15.8582860190734
